000000000000000000000000000000
000000001111111110000000010101
000000011111111000000010101010
000000101111101110001000111011
000000111111100000010101000110
000001001111001110101001000100
000001011110111001000110110000
000001101110011111110000000010
000001111110000010100110110001
000010001101100001101100110001
000010011100111101000011110111
000010101100010100101101110110
000010111011101000101100011111
000011001010111001000001100010
000011011010000101101110101110
000011101001001110110101110001
000011111000010100011000011000
000100000111010110011000001101
000100010110010100110110111100
000100100101001111110110001100
000100110100000111010111100101
000101000010111011011100110000
000101010001101100000111010000
000101100000011001011000101010
000101101111000011010010100011
000101111101101001110110011011
000110001100001101000101110101
000110011010101101000010010001
000110101001001001101101001110
000110110111100011001000001011
000111000101111001010100100100
000111010100001100010011110101
000111100010011100000111011011
000111110000101000110000110000
000111111110110010010001001100
001000001100111000101010001001
001000011010111011111100111110
001000101000111100001011000010
001000110110111001010101101010
001001000100110011011110001100
001001010010101010100101111100
001001100000011110101110001100
001001101110001111111000010000
001001111011111110000101011000
001010001001101001010110110110
001010010111010001101101111010
001010100100110111001011110010
001010110010011001110001101101
001010111111111001100000111000
001011001101010110011010100001
001011011010110000011111110011
001011101000000111110001111010
001011110101011100010010000001
001100000010101110000001010000
001100001111111101000000110010
001100011101001001010001101111
001100101010010010110101001110
001100110111011001101100010111
001101000100011101111000010000
001101010001011111011001111110
001101011110011110010010100111
001101101011011010100011001111
001101111000010100001100111010
001110000101001011010000101011
001110010001111111101111100100
001110011110110001101010100111
001110101011100001000010110101
001110111000001101111001010000
001111000100111000001110110111
001111010001100000000100101001
001111011110000101011011100110
001111101010101000010100101011
001111110111001000110000110110
010000000011100110110001000101
010000010000000010010110010100
010000011100011011100001100000
010000101000110010010011100010
010000110101000110101101010111
010001000001011000101111111001
010001001101101000011100000010
010001011001110101110010101011
010001100110000000110100101110
010001110010001001100011000001
010001111110001111111110011110
010010001010010100000111111100
010010010110010110000000010001
010010100010010101101000010100
010010101110010011000000111010
010010111010001110001010111011
010011000110000111000111001001
010011010001111101110110011010
010011011101110010011001100010
010011101001100100110001010101
010011110101010100111110100101
010100000001000011000010000110
010100001100101110111100101010
010100011000011000101111000010
010100100100000000011010000000
010100101111100101111110010101
010100111011001001011100110010
010101000110101010110110000111
010101010010001010001011000011
010101011101100111011100010111
010101101001000010101010110001
010101110100011011110110111111
010101111111110011000001110000
010110001011001000001011110010
010110010110011011010101110011
010110100001101100100000011110
010110101100111011101100100010
010110111000001000111010101010
010111000011010100001011100010
010111001110011101011111110110
010111011001100100111000010010
010111100100101010010101100000
010111101111101101111000001010
010111111010101111100000111011
011000000101101111010000011101
011000010000101101000111011010
011000011011101001000110011010
011000100110100011001110000110
011000110001011011011111001000
011000111100010001111010000111
011001000111000110011111101011
011001010001111001010000011100
011001011100101010001101000001
011001100111011001010110000001
011001110010000110101100000011
011001111100110010001111101100
011010000111011100000001100100
011010010010000100000010010001
011010011100101010010010010110
011010100111001110110010011010
011010110001110001100011000010
011010111100010010100100110010
011011000110110001111000001110
011011010001001111011101111011
011011011011101011010110011101
011011100110000101100010010110
011011110000011110000010001011
011011111010110100110110011101
011100000101001001111111110001
011100001111011101011110100111
011100011001101111010011100100
011100100011111111011111000111
011100101110001110000001110100
011100111000011010111100001011
011101000010100110001110101110
011101001100101111111001111110
011101010110110111111110011011
011101100000111110011100100101
011101101011000011010100111110
011101110101000110101000000100
011101111111001000010110011001
011110001001001000100000011010
011110010011000111000110101000
011110011101000100001001100001
011110100110111111101001100101
011110110000111001100111010010
011110111010110010000011000110
011111000100101000111101011111
011111001110011110010110111100
011111011000010010001111111010
011111100010000100101000110111
011111101011110101100010001111
011111110101100100111100100001
011111111111010010111000001000
100000001000111111010101100010
100000010010101010010101001011
100000011100010011110111011111
100000100101111011111100111011
100000101111100010100101111010
100000111001000111110010111000
100001000010101011100100010000
100001001100001101111010011110
100001010101101110110101111101
100001011111001110010111001000
100001101000101100011110011001
100001110010001001001100001011
100001111011100100100000111001
100010000100111110011100111100
100010001110010111000000101111
100010010111101110001100101011
100010100001000100000001001010
100010101010011000011110100110
100010110011101011100101010111
100010111100111101010101110111
100011000110001101110000100000
100011001111011100110101101000
100011011000101010100101101011
100011100001110111000000111110
100011101011000010000111111100
100011110100001011111010111100
100011111101010100011010010111
100100000110011011100110100011
100100001111100001011111111000
100100011000100110000110101111
100100100001101001011011011110
100100101010101011011110011101
100100110011101100010000000010
100100111100101011110000100101
100101000101101010000000011100
100101001110100110111111111101
100101010111100010101111100000
100101100000011101001111011010
100101101001010110100000000010
100101110010001110100001101101
100101111011000101010100110010
100110000011111010111001100110
100110001100101111010000011111
100110010101100010011001110010
100110011110010100010101110100
100110100111000101000100111011
100110101111110100100111011011
100110111000100010111101101010
100111000001010000000111111100
100111001001111100000110100110
100111010010100110111001111101
100111011011010000100010010100
100111100011111001000000000000
100111101100100000010011010100
100111110101000110011100100110
100111111101101011011100001001
101000000110001111010010010001
101000001110110001111111010000
101000010111010011100011011011
101000011111110011111111000110
101000101000010011010010100010
101000110000110001011110000100
101000111001001110100001111110
101001000001101010011110100011
101001001010000101010100000111
101001010010011111000010111011
101001011010110111101011010010
101001100011001111001101011111
101001101011100101101001110100
101001110011111011000000100011
101001111100001111010001111110
101010000100100010011110011000
101010001100110100100110000001
101010010101000101101001001100
101010011101010101101000001011
101010100101100100100011001111
101010101101110010011010101001
101010110101111111001110101011
101010111110001010111111100110
101011000110010101101101101011
101011001110011111011001001100
101011010110101000000010011000
101011011110101111101001100001
101011100110110110001110111000
101011101110111011110010101110
101011110111000000010101010010
101011111111000011110110110101
101100000111000110010111101000
101100001111000111110111111011
