
10000000000000000000
10000000111111110000
10000001111111000000
10000010111101110011
10000011111100000111
10000100111001111110
10000101110111011001
10000110110100011000
10000111110000111011
10001000101101000011
10001001101000110001
10001010100100000110
10001011011111000001
10001100011001100100
10001101010011101110
10001110001101100000
10001111000110111011
10010000000000000000
10010000111000101101
10010001110001000101
10010010101001000111
10010011100000110100
10010100011000001011
10010101001111001111
10010110000101111110
10010110111100011001
10010111110010100001
10011000101000010101
10011001011101110111
10011010010011000110
10011011001000000011
10011011111100101101
10011100110001000111
10011101100101001110
10011110011001000101
10011111001100101010
10100000000000000000
10100000110011000100
10100001100101111001
10100010011000011101
10100011001010110010
10100011111100111000
10100100101110101110
10100101100000010101
10100110010001101110
10100111000010110111
10100111110011110011
10101000100100100000
10101001010100111111
10101010000101010001
10101010110101010101
10101011100101001011
10101100010100110100
10101101000100010000
10101101110011011111
10101110100010100001
10101111010001010110
10110000000000000000
10110000101110011100
10110001011100101101
10110010001010110010
10110010111000101010
10110011100110010111
10110100010011111001
