10110101000001001111
10110110011011011001
10110111110100110111
10111001001101101010
10111010100101110010
10111011111101010001
10111101010100001000
10111110101010010111
10111111111111111111
11000001010101000010
11000010101001011111
11000011111101011000
11000101010000101110
11000110100011100000
11000111110101110000
11001001000111011110
11001010011000101100
11001011101001011001
11001100111001100110
11001110001001010100
11001111011000100011
11010000100111010100
11010001110101101000
11010011000011011111
11010100010000111001
11010101011101110111
11010110101010011001
11010111110110100000
11011001000010001101
11011010001101011111
11011011011000011000
11011100100010110111
11011101101100111101
11011110110110101010
11011111111111111111
11100001001000111101
11100010010001100011
11100011011001110001
11100100100001101001
11100101101001001010
11100110110000010101
11100111110111001010
11101000111101101010
11101010000011110101
11101011001001101010
11101100001111001011
11101101010100010111
11101110011001010000
11101111011101110101
11110000100010000110
11110001100110000011
11110010101001101110
11110011101101000110
11110100110000001100
11110101110010111111
11110110110101100000
11110111110111101111
11111000111001101100
11111001111011011001
11111010111100110011
11111011111101111101
11111100111110110111
11111101111111011111
11111110111111110111
