1000000000000000000
0111111111111101100
0111111111110110001
0111111111101001110
0111111111011000100
0111111111000010010
0111111110100111001
0111111110000111001
0111111101100010001
0111111100111000010
0111111100001001100
0111111011010101111
0111111010011101010
0111111001011111111
0111111000011101100
0111110111010110011
0111110110001010010
0111110100111001100
0111110011100011110
0111110010001001010
0111110000101001111
0111101111000101111
0111101101011101000
0111101011101111011
0111101001111101000
0111101000000101111
0111100110001010001
0111100100001001101
0111100010000100100
0111011111111010101
0111011101101100010
0111011011011001010
0111011001000001101
0111010110100101100
0111010100000100110
0111010001011111100
0111001110110101111
0111001100000111110
0111001001010101001
0111000110011110001
0111000011100010110
0111000000100011000
0110111101011111000
0110111010010110101
0110110111001010000
0110110011111001001
0110110000100100001
0110101101001010111
0110101001101101100
0110100110001100001
0110100010100110100
0110011110111101000
0110011011001111011
0110010111011101111
0110010011101000100
0110001111101111001
0110001011110010000
0110000111110000111
0110000011101100001
0101111111100011101
0101111011010111011
0101110111000111100
0101110010110100000
0101101110011101000
0101101010000010011
0101100101100100011
0101100001000010110
0101011100011101111
0101010111110101101
0101010011001010000
0101001110011011001
0101001001101001000
0101000100110011110
0100111111111011011
0100111010111111111
0100110110000001011
0100110000111111110
0100101011111011011
0100100110110100000
0100100001101001111
0100011100011100111
0100010111001101001
0100010001111010110
0100001100100101101
0100000111001110000
0100000001110011111
0011111100010111010
0011110110111000001
0011110001010110101
0011101011110010111
0011100110001100110
0011100000100100100
0011011010111010000
0011010101001101100
0011001111011110111
0011001001101110010
0011000011111011110
0010111110000111010
0010111000010001000
0010110010011000111
0010101100011111001
0010100110100011110
0010100000100110101
0010011010101000001
0010010100101000000
0010001110100110100
0010001000100011101
0010000010011111011
0001111100011001111
0001110110010011010
0001110000001011100
0001101010000010100
0001100011111000101
0001011101101101110
0001010111100010000
0001010001010101011
0001001011001000000
0001000100111001111
0000111110101011001
0000111000011011110
0000110010001011110
0000101011111011011
0000100101101010100
0000011111011001010
0000011001000111110
0000010010110110000
0000001100100100001
0000000110010010000
