1111111111111111110110
1111111100000000110110
1111111000000011110100
1111110100001000101111
1111110000001111100110
1111101100011000011000
1111101000100011000010
1111100100101111100011
1111100000111101111010
1111011101001110000111
1111011001100000000110
1111010101110011111000
1111010010001001011010
1111001110100000101100
1111001010111001101101
1111000111010100011010
1111000011110000110100
1111000000001110111000
1110111100101110100101
1110111001001111111011
1110110101110010111001
1110110010010111011100
1110101110111101100101
1110101011100101010001
1110101000001110100000
1110100100111001010001
1110100001100101100011
1110011110010011010101
1110011011000010100101
1110010111110011010100
1110010100100101011111
1110010001011001000101
1110001110001110000111
1110001011000100100010
1110000111111100010111
1110000100110101100011
1110000001110000000111
1101111110101100000001
1101111011101001010000
1101111000100111110100
1101110101100111101011
1101110010101000110110
1101101111101011010010
1101101100101110111111
1101101001110011111101
1101100110111010001010
1101100100000001100110
1101100001001010010000
1101011110010100000111
1101011011011111001011
1101011000101011011010
1101010101111000110100
1101010011000111011001
1101010000010111000111
1101001101100111111101
1101001010111001111100
1101001000001101000010
1101000101100001001111
1101000010110110100010
1101000000001100111010
1100111101100100010111
1100111010111100111001
1100111000010110011101
1100110101110001000100
1100110011001100101110
1100110000101001011001
1100101110000111000101
1100101011100101110001
1100101001000101011101
1100100110100110001000
1100100100000111110001
1100100001101010011001
1100011111001101111110
1100011100110010100000
1100011010010111111110
1100010111111110011000
1100010101100101101101
1100010011001101111101
1100010000110111000111
1100001110100001001011
1100001100001100000111
1100001001110111111101
1100000111100100101010
1100000101010010001111
1100000011000000101100
1100000000101111111110
1011111110100000000111
1011111100010001000110
1011111010000010111010
1011110111110101100011
1011110101101001000000
1011110011011101010000
1011110001010010010101
1011101111001000001100
1011101100111110110101
1011101010110110010001
1011101000101110011111
1011100110100111011101
1011100100100001001101
1011100010011011101101
1011100000010110111101
1011011110010010111100
1011011100001111101011
1011011010001101001000
1011011000001011010100
1011010110001010001110
1011010100001001110110
1011010010001010001011
1011010000001011001100
1011001110001100111011
1011001100001111010101
1011001010010010011011
1011001000010110001101
1011000110011010101010
1011000100011111110001
1011000010100101100011
1011000000101011111111
1010111110110011000101
1010111100111010110100
1010111011000011001100
1010111001001100001101
1010110111010101110110
1010110101100000000111
1010110011101011000000
1010110001110110100001
1010110000000010101001
1010101110001111010111
1010101100011100101100
1010101010101010100111
1010101000111001001000
1010100111001000001111
1010100101010111111011
1010100011101000001101
1010100001111001000010
1010100000001010011101
1010011110011100011100
1010011100101110111110
1010011011000010000100
1010011001010101101110
1010010111101001111011
1010010101111110101010
1010010100010011111100
1010010010101001110001
1010010001000000000111
1010001111010110111111
1010001101101110011001
1010001100000110010101
1010001010011110110001
1010001000110111101110
1010000111010001001011
1010000101101011001001
1010000100000101100111
1010000010100000100101
1010000000111100000011
1001111111011000000000
1001111101110100011100
1001111100010001010111
1001111010101110110000
1001111001001100101000
1001110111101010111111
1001110110001001110011
1001110100101001000110
1001110011001000110110
1001110001101001000011
1001110000001001101101
1001101110101010110101
1001101101001100011001
1001101011101110011010
1001101010010000110111
1001101000110011110001
1001100111010111000110
1001100101111010110111
1001100100011111000100
1001100011000011101100
1001100001101000101111
1001100000001110001110
1001011110110100000111
1001011101011010011011
1001011100000001001001
1001011010101000010010
1001011001001111110100
1001010111110111110001
1001010110100000000111
1001010101001000110111
1001010011110010000000
1001010010011011100010
1001010001000101011110
1001001111101111110010
1001001110011010011111
1001001101000101100101
1001001011110001000011
1001001010011100111001
1001001001001001000111
1001000111110101101101
1001000110100010101011
1001000101010000000000
1001000011111101101101
1001000010101011110001
1001000001011010001100
1001000000001000111110
1000111110111000000111
1000111101100111100110
1000111100010111011100
1000111011000111101001
1000111001111000001011
1000111000101001000100
1000110111011010010010
1000110110001011110111
1000110100111101110001
1000110011110000000000
1000110010100010100101
1000110001010101011111
1000110000001000101110
1000101110111100010010
1000101101110000001011
1000101100100100011001
1000101011011000111011
1000101010001101110001
1000101001000010111100
1000100111111000011011
1000100110101110001110
1000100101100100010101
1000100100011010110000
1000100011010001011110
1000100010001000100000
1000100000111111110110
1000011111110111011110
1000011110101111011010
1000011101100111101001
1000011100100000001011
1000011011011000111111
1000011010010010000111
1000011001001011100001
1000011000000101001101
1000010110111111001100
1000010101111001011101
1000010100110100000000
1000010011101110110101
1000010010101001111101
1000010001100101010110
1000010000100001000000
1000001111011100111100
1000001110011001001010
1000001101010101101001
1000001100010010011010
1000001011001111011011
1000001010001100101110
1000001001001010010010
1000001000001000000110
1000000111000110001100
1000000110000100100010
1000000101000011001000
1000000100000001111111
1000000011000001000111
1000000010000000011110
1000000001000000000110
