11111111000
11111101000
11111011001
11111001010
11110111011
11110101101
11110011111
11110010001
11110000100
11101110111
11101101010
11101011101
11101010001
11101000101
11100111001
11100101101
11100100010
11100010110
11100001011
11100000000
11011110110
11011101011
11011100001
11011010111
11011001101
11011000011
11010111010
11010110000
11010100111
11010011110
11010010101
11010001100
11010000011
11001111011
11001110010
11001101010
11001100010
11001011010
11001010010
11001001010
11001000010
11000111011
11000110011
11000101100
11000100100
11000011101
11000010110
11000001111
11000001000
11000000001
10111111011
10111110100
10111101101
10111100111
10111100001
10111011010
10111010100
10111001110
10111001000
10111000010
10110111100
10110110110
10110110000
10110101010
