10110100010
10110010111
10110001100
10110000010
10101110111
10101101101
10101100011
10101011010
10101010000
10101000111
10100111110
10100110101
10100101100
10100100100
10100011011
10100010011
10100001011
10100000011
10011111011
10011110011
10011101100
10011100100
10011011101
10011010110
10011001111
10011001000
10011000001
10010111011
10010110100
10010101110
10010100111
10010100001
10010011011
10010010101
10010001111
10010001001
10010000011
10001111101
10001111000
10001110010
10001101101
10001100111
10001100010
10001011101
10001011000
10001010011
10001001110
10001001001
10001000100
10000111111
10000111010
10000110101
10000110001
10000101100
10000101000
10000100011
10000011111
10000011011
10000010110
10000010010
10000001110
10000001010
10000000110
10000000010
