000000010011
000000111011
000001100010
000010001010
000010110001
000011011000
000100000000
000100100111
000101001110
000101110110
000110011101
000111000100
000111101011
001000010010
001000111001
001001100000
001010000110
001010101101
001011010100
001011111010
001100100000
001101000110
001101101100
001110010010
001110111000
001111011110
010000000011
010000101001
010001001110
010001110011
010010011000
010010111100
010011100001
010100000101
010100101001
010101001101
010101110001
010110010100
010110110111
010111011010
010111111101
011000100000
011001000010
011001100100
011010000110
011010101000
011011001001
011011101010
011100001011
011100101100
011101001100
011101101100
011110001100
011110101011
011111001010
011111101001
100000000111
100000100110
100001000100
100001100001
100001111110
100010011011
100010111000
100011010100
100011110000
100100001100
100100100111
100101000010
100101011100
100101110110
100110010000
100110101010
100111000011
100111011011
100111110100
101000001011
101000100011
101000111010
101001010001
101001100111
101001111101
101010010011
101010101000
101010111100
101011010001
101011100101
101011111000
101100001011
101100011110
101100110000
101101000010
101101010011
101101100100
101101110100
101110000100
101110010100
101110100011
101110110010
101111000000
101111001110
101111011011
101111101000
101111110100
110000000000
110000001100
110000010111
110000100001
110000101011
110000110101
110000111110
110001000111
110001001111
110001010110
110001011110
110001100100
110001101011
110001110000
110001110110
110001111011
110001111111
110010000011
110010000110
110010001001
110010001100
110010001101
110010001111
110010010000
110010010000
