1111111100011
1111110100011
1111101100101
1111100100111
1111011101010
1111010101110
1111001110010
1111000110111
1110111111100
1110111000011
1110110001010
1110101010001
1110100011001
1110011100010
1110010101100
1110001110110
1110001000000
1110000001011
1101111010111
1101110100011
1101101110000
1101100111110
1101100001100
1101011011010
1101010101001
1101001111001
1101001001001
1101000011010
1100111101011
1100110111100
1100110001110
1100101100001
1100100110100
1100100001000
1100011011011
1100010110000
1100010000101
1100001011010
1100000110000
1100000000110
1011111011100
1011110110011
1011110001011
1011101100011
1011100111011
1011100010011
1011011101100
1011011000110
1011010100000
1011001111010
1011001010100
1011000101111
1011000001010
1010111100110
1010111000010
1010110011110
1010101111011
1010101011000
1010100110101
1010100010011
1010011110001
1010011001111
1010010101110
1010010001100
1010001101100
1010001001011
1010000101011
1010000001011
1001111101100
1001111001100
1001110101101
1001110001111
1001101110000
1001101010010
1001100110100
1001100010110
1001011111001
1001011011100
1001010111111
1001010100011
1001010000110
1001001101010
1001001001110
1001000110011
1001000010111
1000111111100
1000111100010
1000111000111
1000110101100
1000110010010
1000101111000
1000101011111
1000101000101
1000100101100
1000100010011
1000011111010
1000011100001
1000011001001
1000010110001
1000010011001
1000010000001
1000001101001
1000001010010
1000000111011
1000000100100
1000000001101
0111111110110
0111111100000
0111111001001
0111110110011
0111110011101
0111110001000
0111101110010
0111101011101
0111101001000
0111100110011
0111100011110
0111100001001
0111011110100
0111011100000
0111011001100
0111010111000
0111010100100
0111010010000
0111001111101
0111001101001
0111001010110
0111001000011
0111000110000
0111000011101
0111000001010
0110111111000
0110111100101
0110111010011
0110111000001
0110110101111
0110110011101
0110110001100
0110101111010
0110101101001
0110101010111
0110101000110
0110100110101
0110100100100
0110100010011
0110100000011
0110011110010
0110011100010
0110011010010
0110011000001
0110010110001
0110010100001
0110010010010
0110010000010
0110001110010
0110001100011
0110001010011
0110001000100
0110000110101
0110000100110
0110000010111
0110000001000
0101111111010
0101111101011
0101111011100
0101111001110
0101111000000
0101110110010
0101110100100
0101110010110
0101110001000
0101101111010
0101101101100
0101101011111
0101101010001
0101101000100
0101100110110
0101100101001
0101100011100
0101100001111
0101100000010
0101011110101
0101011101000
0101011011100
0101011001111
0101011000010
0101010110110
0101010101010
0101010011101
0101010010001
0101010000101
0101001111001
0101001101101
0101001100001
0101001010101
0101001001010
0101000111110
0101000110011
0101000100111
0101000011100
0101000010000
0101000000101
0100111111010
0100111101111
0100111100100
0100111011001
0100111001110
0100111000011
0100110111000
0100110101110
0100110100011
0100110011000
0100110001110
0100110000100
0100101111001
0100101101111
0100101100101
0100101011011
0100101010001
0100101000110
0100100111101
0100100110011
0100100101001
0100100011111
0100100010101
0100100001100
0100100000010
0100011111001
0100011101111
0100011100110
0100011011100
0100011010011
0100011001010
0100011000001
0100010110111
0100010101110
0100010100101
0100010011100
0100010010011
0100010001011
0100010000010
0100001111001
0100001110000
0100001101000
0100001011111
0100001010111
0100001001110
0100001000110
0100000111101
0100000110101
0100000101101
0100000100100
0100000011100
0100000010100
0100000001100
0100000000100
