    0
 3243
 3542
 4055
64232
 3250
  311
 4415
 3825
64929
62344
63862
 3858
 1052
   77
65351
 3146
 2133
  325
 2629
65514
63480
62665
 2479
 1332
64054
 1514
63982
 3026
63957
64744
 1512
62118
65172
 2055
  361
65287
65257
 1871
 1245
64715
 1539
62915
 1210
63105
 2214
 3249
64199
64648
 2035
65460
 2599
64009
61131
63267
 1602
63075
64115
65250
  471
63434
64798
 1031
61532
 1527
  579
   63
 2743
58222
 2015
64270
 1376
 1154
 3821
63441
62864
65369
64876
63579
65254
65002
65213
65052
64599
62083
64669
64296
64008
62836
 2852
 1387
65391
  219
63229
64629
65195
   18
62533
 1849
 2713
65005
62039
  150
  656
61884
  613
 3900
62929
 4330
65445
64974
63743
62186
  919
64545
 1636
63909
64459
63290
 1294
63120
 3427
 3257
63825
  106
65182
  647
 1004
 5264
  223
63041
 3538
 1207
63858
  236
62213
61512
64917
64122
62062
64656
 1205
 2263
 2264
63894
64820
65468
  368
64605
 1155
 3522
63892
65007
65067
62605
65351
 1230
62581
 2964
 2773
64050
 1680
  740
  276
65452
 1613
 1259
 1795
64184
65055
65380
 1692
64660
64943
64842
64860
 1465
  445
 1021
 1080
63688
64558
 1172
65126
63366
 1441
63328
 1198
 3645
 2205
63752
 3181
  964
  260
64576
61935
64797
65047
65351
  941
59237
63331
  482
 2457
  508
  461
64241
 3593
 2410
 3795
65462
 1288
61451
 1736
63522
  858
65250
65441
63968
65410
 3061
 1322
  656
64889
 3275
65103
65085
65169
 2872
 1163
62716
64806
 2081
64983
64236
 2137
  416
 1364
64651
  108
63513
  585
64483
 4484
 2396
 3878
 2555
   46
  353
61668
  147
  925
 2072
64906
65483
 1606
63702
64927
62933
 3551
64605
62982
 4290
64972
  620
 3090
64570
64933
 1712
63277
  186
65224
63438
63099
 1562
65507
65046
62589
  271
  646
61818
  865
63203
 1928
 3347
61164
 2701
 2102
 2162
62558
64767
64460
 1754
 1053
 1644
  498
65030
64460
64089
 4580
  933
 3785
 1947
65425
 2496
63668
 4326
  946
65020
 2428
 1425
 3098
63874
65158
 1796
 1776
 2677
 1464
  105
62189
61574
 2653
   62
 3512
64790
64086
63560
  850
 3921
 2175
61928
  972
65508
63641
 1402
 1832
64350
64009
 2252
63343
62079
 3387
64055
64934
  205
64357
63204
 3409
63014
64582
  450
64756
    1
61779
62975
  866
   43
  617
64188
  930
  333
63295
  775
64723
62989
62787
 1051
 1164
 1007
63940
  188
64190
 1303
 2292
65180
  525
65532
  167
64034
62527
 1403
 2795
62021
64841
 1191
 2567
60507
63436
65282
  612
 2002
  506
 3336
63736
  430
64646
 3358
 1551
64370
 3542
63774
 2799
64977
64240
64373
 2206
  709
65293
  205
 2938
 1469
60487
64252
  101
 2141
 1016
  769
 1847
65108
   30
63499
 2772
64830
64082
65392
64518
  441
  299
  793
62053
64930
63672
63377
 2986
 3357
63918
 1211
65528
63637
65054
 1441
64159
62067
63918
62742
 3126
 1376
 1348
65097
  696
64917
63207
64312
62886
65255
 1123
65145
 1842
63478
 2909
63777
 1148
64442
 2942
 2220
62094
62202
  377
   64
63505
63251
63671
64320
65435
65120
  249
62845
  991
  782
 1270
 3358
 1767
65243
63529
65353
 2344
 1800
 1345
 1812
62054
59629
64673
 3855
63181
 1333
  640
63918
 1131
 1248
 1309
62753
63953
 1656
62656
 1736
63024
64086
63111
  303
64868
 2344
 1800
64908
65330
 2095
63833
 1900
  756
65042
64251
 2919
65257
64225
64308
 2870
64623
62029
65333
61972
 1537
64192
64475
  286
 1881
  849
64103
61711
62712
64685
 3370
63459
65178
63376
 1330
63406
63276
62298
 3679
  872
65354
65123
  456
  785
64752
  523
62571
 2636
 2184
 1694
63651
64691
 1694
 1240
61911
 3574
65107
  864
 2199
  335
64650
 3160
64671
 2025
 1999
 1064
 1812
62005
65040
64357
62892
  143
 1233
62165
61328
 2230
64103
63471
 3483
 1507
 1705
64870
64830
  432
  975
 2801
63896
 1551
65100
62893
  360
62094
 2326
65043
63738
 3648
63608
63820
  449
 1788
63600
63985
  313
 2541
62638
 2171
 1535
65482
64033
61935
 3489
62745
64313
 2344
63751
61207
  667
65300
64795
62162
65493
65126
62203
63161
  364
 1610
64574
63698
 2146
  638
  681
 1922
63203
63338
63964
63291
 3183
62423
64481
 1247
 2209
65051
64986
 1804
 1557
63739
63896
63486
 1100
64672
  648
65528
63119
 2924
63592
63117
 2205
  850
 1150
59369
64099
  422
 1610
  790
  593
  241
 2923
63689
64532
  289
  274
 3234
64323
63409
 3134
 2776
 2188
62196
62135
62823
 1068
65276
 2794
  576
65051
  632
63583
 2315
  613
64697
  400
  490
 1393
 1351
 2008
62200
  753
64007
  656
 1780
65518
 1856
64835
 2915
64133
  747
  933
62634
  785
65033
64017
 2873
  140
 1497
64388
 1013
 1161
64546
 2553
 1760
  599
63846
  730
  384
65169
 1978
 1717
  979
64026
 3983
60897
63373
   29
64621
64787
  900
  768
62312
  311
  514
 3715
61137
 3454
 1304
65273
 1415
64800
  733
 2211
 1961
65322
62063
 2496
64793
  554
63986
 1439
62636
 3806
   49
 3959
59540
 2150
 3057
  576
  490
 1486
 1635
  437
62505
65372
 1419
 1201
64133
 2889
63409
64878
 1186
 3760
 2570
  561
 2704
64720
65091
64901
63229
 2345
 3265
64999
64013
  629
  132
65172
64580
63631
63609
64580
64027
  794
65036
65388
65401
62950
61934
 1087
63957
64724
 2749
63975
63334
 1043
 3716
65175
62571
65373
 1397
 3240
 2950
61084
63376
  608
65163
  511
63142
65002
 1732
63447
64314
 1180
61477
65021
62128
64958
62762
63317
 1277
64900
64588
 1701
 3641
64042
 1063
65283
 5585
 1781
65006
   50
63997
  302
 3798
64955
64343
  521
  392
63411
 2186
 1873
 2167
 2420
59518
65246
 2013
62274
63293
62719
64595
  529
  718
  268
62949
 1543
 1737
64255
63384
64305
61788
64801
64620
62497
62701
  697
 1607
  953
64307
64052
59515
 2590
 1637
65136
65474
  948
 1155
 1691
  827
63367
64631
65038
62351
  724
64232
64476
 2194
64735
 1277
 2470
  497
 1903
 2499
  313
 3162
62400
63162
  622
  887
 2031
61269
65160
 3093
 3359
  859
 1756
 2141
64899
  489
63840
64857
63941
   97
65447
 2196
 2142
  907
 2339
63294
63752
 4507
 3185
  623
  469
 1447
  845
65368
 1175
  690
64680
63644
60711
61986
65264
 1365
63632
 3169
  381
62833
  543
 2022
  499
 1823
64897
62480
 2557
  390
64481
65087
 1519
  253
65389
65163
 2379
 1153
65512
64446
   84
 1456
 1011
  567
65342
64766
65504
 1071
 1003
 3969
61432
65208
    6
62404
62599
   56
 1084
65188
 1227
65418
63056
64070
 2355
64804
 2309
 2192
64569
63845
  869
61707
61293
 1319
  179
 2360
64371
  276
64110
64422
65013
  538
 1454
 2960
65033
 2487
 2066
63937
63408
62713
   52
 1216
 2756
 1685
63212
64340
64690
 2250
63649
 1468
 1699
65368
62532
62891
65074
60756
  639
64567
  881
63941
64287
  460
65208
64591
  878
60331
 1027
63497
  845
 4169
63984
  250
63580
65123
64106
65463
62285
64727
 1766
64940
65073
62696
  888
61454
 2284
  143
64234
63396
 3087
 1560
 1803
  504
 1656
  115
65120
65217
 3056
  256
64930
65236
63724
61772
 4805
62938
  252
 5266
64589
  913
 1815
65442
 1018
  843
 1186
  240
 1217
60231
 1590
63912
65148
63459
 4024
   42
63939
 3475
64585
61508
 1444
  590
  962
 3274
64291
63281
62611
64861
   51
65008
 4539
63766
65230
 3820
 3922
64802
63767
 2758
  893
  482
 1618
 2080
63480
  498
63320
  208
64139
64843
62918
63857
64174
 2850
64554
  173
 2135
 1071
 3068
64201
65319
61347
64016
63055
64597
64958
61206
 3411
 3150
 2096
62188
  999
 1231
 6584
  472
62214
65083
 1169
63938
 3624
 2628
64529
61889
  401
  553
62006
65301
  682
60668
63026
 1563
 1899
61853
 2219
 4356
  220
  723
62471
65425
 1639
64977
64536
64469
 1006
  247
65507
  493
61588
 2950
 3015
  340
62038
62321
  345
 3684
 1904
  308
 1419
 3737
63757
62450
64760
63621
63079
  963
65081
63479
65287
65057
64300
65370
  953
 1149
63959
64313
63803
   47
 1521
62792
63973
 3904
63740
  483
  509
65019
65242
64364
65425
 3127
64602
63907
 1891
62945
63508
 1307
62953
63133
 1864
64968
 1620
62466
  292
63885
  638
65303
64298
  623
65339
63037
  451
 1575
 3069
65388
 2434
65181
61780
  320
64898
 1546
 1416
 1289
65459
64621
60657
 2556
64864
65357
 1403
65085
 2808
  287
65465
  476
 2050
65142
 2806
 3721
  559
  965
64777
63162
 4616
63698
63825
 3184
65108
  580
65139
64121
 1899
  189
64899
 1421
63846
63788
62767
 1145
61799
63706
 1135
 2237
64541
 4958
64278
64058
  830
 2895
 2856
64434
  950
 1205
65318
  936
 1772
64846
  304
   27
65455
64121
 2224
  484
60533
  506
  114
  871
 2389
 4847
61522
65263
  958
  544
 2295
65340
65206
63893
63728
 2992
64943
65171
63760
65272
 1853
 3981
64451
  244
62915
  781
63664
 6334
63173
64480
 1121
64110
 3043
  465
63019
  261
 2178
 2332
65490
 1666
 1060
63922
64728
63739
 1235
65123
65444
65110
 2697
65114
 2390
  140
  869
  456
64137
 2476
 2901
 2990
 1632
 1282
62641
65479
63133
65195
64724
  547
61628
 4430
63298
 2570
  942
 1731
64705
   96
 3111
  223
 3687
64149
65153
63640
65486
65418
  941
62280
62955
 1215
64796
62879
 1008
  628
 2050
  318
  591
63823
 1410
 1907
62878
  164
63431
64434
61994
63437
 3329
  777
64190
65476
 3174
 3309
 5430
 1103
  829
 2648
 2514
63750
64145
64421
62738
64700
64279
63611
 2940
65218
61869
63179
63910
64916
62488
63867
 2112
 3532
  707
 2276
64480
63631
63850
   23
63641
 6412
 2249
  746
  468
64862
64410
 2479
 1036
 1642
64212
62907
 1749
 3654
  722
 1163
 1226
63614
 2254
 2575
  941
62040
64193
    5
62026
 1815
 1986
64241
64919
61778
  367
64716
 4734
 1340
63684
63330
 1417
 2010
61059
65092
62488
  448
  428
65059
65111
60462
 2032
   35
64889
  882
61259
63003
61876
 2902
65304
 3207
  922
61583
 1359
  990
  987
 3155
64531
64438
  388
  291
  973
61609
  853
  374
 1673
 2715
63958
 1902
 2768
  955
64378
 1876
  402
 2705
63191
63394
  670
63167
 1195
63590
65433
65367
 2001
64194
61202
 4268
  970
 4393
 1337
65308
64001
  654
64259
 1604
64878
60947
 4258
64878
 3433
 4772
 1704
64846
 1430
64747
  285
63460
65477
61306
  594
 1238
64493
63741
63717
64417
 1079
64073
64198
63598
61775
  433
 1300
64011
 2445
62449
65230
  652
64952
64067
  539
65204
64974
 1127
64231
  220
 1024
  170
 1287
63881
  484
64563
63685
 2608
  576
63163
64168
 1936
 3098
 1854
65070
 1680
 2417
64174
  179
 3432
  869
 1871
64654
64914
64026
  509
  809
64840
 1176
  659
64710
63329
  552
  410
 3825
 1436
  823
  762
60901
64532
  107
 1429
 2005
   49
63797
64924
 3211
   60
65172
63744
64018
 2174
 4537
64435
 2862
   35
 4252
 1811
 1017
65046
65063
64742
63251
65407
 2720
63584
65500
  134
  155
64564
59919
 1487
65360
64761
  720
64022
 1663
65493
  163
63891
 4881
64921
64750
64808
 1843
  391
63800
 4917
  681
  956
   45
 1073
65470
60959
 2651
62402
 1347
63628
62581
 1142
64007
62930
63942
64842
  341
63082
64896
64215
64527
  993
64878
64966
65331
 1525
62495
  349
63926
  588
63839
62864
65533
63638
 2661
63995
 1980
 1101
64578
  613
  605
 1939
64830
64754
63277
63771
 2209
63757
  532
64124
65176
64153
 2387
 2102
 3513
63772
 1865
63366
64932
  864
 1493
 1808
62180
64522
 1108
63323
65457
 1080
 1515
 2127
64662
65149
65327
 1318
  826
  465
 4552
 3534
  441
 1669
  536
62316
62958
 1672
60408
  810
65194
62463
 1792
62301
  336
 1431
64161
  796
  521
63550
63407
 1665
64210
63574
64617
 2075
60113
  985
 2048
64339
 3853
63161
 5837
 1890
64398
 3203
 4037
 1017
64298
61723
62672
   80
64543
 1717
 3423
64745
 2376
  550
  489
  473
  662
 1085
 1906
  256
  802
 2882
64673
64026
 2419
62148
62983
 2408
   27
  426
64497
 1436
 2777
64456
  722
64679
65152
64916
  932
 2244
 1517
  695
  743
 1505
63047
 1436
 1771
 2300
63963
  167
 2478
64116
 3507
  762
65484
 2452
 3076
  935
 2148
61802
65036
 1193
 2423
65277
  632
  542
63341
 2245
63242
 2665
 1422
 1471
 1470
 3002
  462
 3367
64242
 1240
 3714
 3023
65236
   51
 2854
   31
63122
 1142
62382
 1019
 1544
64338
  937
 1430
61527
64182
64191
  218
  938
 2339
  769
 1139
62546
64597
  508
63103
 1381
64586
 2019
  337
 1242
 1651
  307
  683
65404
64954
64760
63379
 3042
65384
  907
64403
62747
61127
62843
64940
64550
64539
62604
  836
62899
65011
61321
63176
  929
64112
63555
 1852
64698
 1277
 2312
63964
65148
 1611
  636
 1926
 1118
64004
63047
64061
60351
65499
 1347
 1747
  264
65512
 3841
 2639
 2791
 2185
 3052
65264
 2886
65338
   47
63620
 2818
  595
 1792
65322
63611
63595
 3471
64067
 1177
 2596
63557
65207
 3280
61909
60799
  186
62982
 2710
65228
64287
 2117
64095
64992
64380
62598
  164
   27
 1595
  146
  905
65256
62314
61889
64573
61146
62430
  521
63665
  463
  822
63292
 2204
65058
62807
63074
 1761
 1317
  749
63769
63518
 4448
 3544
62750
65052
63767
 1979
65230
  255
  658
63031
65032
64658
63495
  791
65269
  163
 1807
61085
 1562
  178
64820
65416
  970
 1435
61982
 1769
63451
 1237
 2078
 3517
64901
63034
64455
 1746
 2876
64286
65228
 2435
  155
62753
62441
65106
 3559
64201
64288
 4338
 3958
 4052
  349
 2004
 1847
 2421
64906
 5672
 1933
64893
63816
 4990
64692
63262
 3891
60910
  987
 1272
63570
 3513
 2625
 2587
 1204
   39
 3074
 1009
  946
 2285
65038
  851
63632
 5470
 1206
 1298
63904
  608
64940
  729
 1538
 2052
65264
 1334
  881
 2138
62810
65488
 1075
  311
65372
  998
64926
62973
  616
 2469
63532
63718
62683
 1056
  123
 1799
65501
64715
 2172
64713
 5522
 2579
65388
  504
65279
 1843
  733
   99
61733
 1959
  789
  141
  579
 1867
  465
63380
 4975
64418
 2013
 3889
62875
64370
63749
 3051
64618
62486
63145
 3958
62417
64433
 4078
 1383
 1124
 1687
 1493
 4806
64797
 1423
 1956
 3122
62050
 3160
64567
 2228
 1713
64081
64734
63679
  959
 1621
  643
61640
  643
64583
62957
 1758
 4315
64874
64297
 1632
63609
63200
63096
62757
  960
64153
61685
64153
65455
64206
  216
 1017
63487
 3502
  165
 1165
 1416
64396
 4434
 2275
  418
63540
 1716
 1871
64480
65117
 1165
64770
  761
 1017
  185
 1147
   38
63414
 3948
63402
65361
65206
64950
 4002
 3119
 1295
65431
 1705
64445
 4239
62764
 3563
 4591
64757
62782
 1317
64465
 1870
  483
64458
 1822
65526
   83
63263
62321
 1501
62412
 1006
62582
64358
 1242
   46
64455
64072
63855
63973
 2408
 1903
63936
 1909
  791
 1747
62802
62175
65303
64709
64972
 2682
 1091
 2575
64306
 1001
  535
63874
  651
 1143
64049
 3576
62300
 3340
64198
  491
64902
65241
64884
65452
64903
  991
65528
65188
63866
62447
61937
  961
63753
63051
64380
63950
61876
 2265
 2382
65341
63316
    8
64196
  673
63979
   41
 3554
  677
63984
63344
 4488
62919
65359
  655
 2398
63234
  443
 2088
64546
 1049
61815
63908
  721
 1319
  503
62245
65443
 3458
64960
65125
  769
 1158
  684
 1396
 1187
 2267
63688
63896
63263
  487
64496
 1279
 3148
 1044
 2714
65218
 2735
62068
65133
64778
  170
 4021
 2260
 2385
62323
 1906
 1322
 1404
  921
    1
62186
64841
65373
62759
63884
 3495
  138
64168
65476
 3840
63089
 1802
 1659
63110
63213
63558
63799
64899
 3896
 1337
 5724
 3912
64352
63879
63583
 2083
64093
64036
 4451
  712
 3616
 3014
63897
  319
63714
64952
63080
 1238
 3376
64400
64961
62936
 1641
64620
 1253
63150
62914
 2461
63540
 1296
  776
62830
63597
65172
61924
63024
 1249
65472
 2577
 1039
  678
63820
64502
64243
  432
63330
63171
 1582
63916
65489
64875
62052
64784
63187
  653
65445
64601
63238
65319
64366
60776
  363
62756
 2374
 1482
 2869
 1600
64524
 2287
64844
  136
  866
 5272
  995
 1649
62199
 1161
61959
60837
  947
64577
 2482
63902
64534
65279
63579
62688
65510
  434
 1767
  251
63730
61100
62679
 1190
 4309
 1573
 2270
64554
64526
64313
 2254
  375
63172
  482
 2756
63789
  794
63399
63891
  439
  835
63780
 2251
65014
64206
 3608
  910
 1406
 2673
 1490
64370
64787
65387
64584
62740
 1787
61475
 2352
 3350
  399
  163
62864
 1887
62025
63821
 2994
  853
61975
 4944
65360
  983
62704
 1863
 1307
 2081
64773
64978
 1925
62842
64933
63469
 2623
  286
63934
 1268
62351
62043
61654
61894
 2353
64367
65505
62396
 1437
  409
64299
 2087
64870
64602
 1536
 3313
65500
  240
64920
62178
65205
  362
 1005
63281
63442
64362
63801
63234
  971
   17
62624
62382
63242
65496
64051
65323
62687
  717
65039
64125
  665
 3653
63677
 4213
65408
 3018
64780
62084
 1782
  338
62727
65072
 4421
 2284
 2665
62214
64384
64581
65406
  511
  512
 1652
62389
   29
64794
65119
64953
63063
  639
 1346
63505
64957
  188
 1216
  219
61265
   43
64456
63983
 4315
 1537
 3507
 2925
65057
63741
 2523
64089
 2539
 2176
 2011
65373
63839
  290
62826
64629
  616
 2102
 1085
 5320
 1086
65376
65431
  636
65338
 2007
 3319
62326
 2503
63562
63909
 1094
64276
  501
 3575
  756
64466
  341
65219
  237
63778
  352
 2282
  226
64169
 2008
62188
 1206
  153
 1511
 4728
61205
64821
63336
62323
63780
  147
62500
 2833
65053
 1103
 2461
62827
 2876
63185
64799
  946
65263
63256
 1627
62528
 3430
64544
  241
 1267
  486
64446
59946
  855
63572
   59
64234
63048
65249
 1027
65370
63238
64380
63511
  526
  578
65428
63679
  536
   31
61207
64809
63943
64399
64015
 3042
63438
63717
  438
 2281
  663
65068
64665
62383
65292
 1988
64751
65262
  845
61518
 1530
 1099
 3104
60594
65503
  498
 1884
65431
 2129
63268
 3232
65035
64299
62866
  467
62685
62165
63292
 3771
63714
64572
   22
64905
 1444
64047
   61
62990
60760
64279
  772
63565
63726
63179
  276
  782
63999
 2184
65015
63758
 3843
65529
65102
 1745
  555
 2243
 1611
  438
65476
64208
 1202
 1683
65460
 1010
62049
  904
65091
64157
64029
  681
65098
 4996
64632
65056
62147
 2679
64029
62129
64181
   14
62756
 1177
64201
  424
64203
 1268
 1719
 1061
64684
  901
64897
65282
 1476
 3731
  649
 1755
65042
62981
64055
64786
65404
  313
65101
62446
63767
 2287
  883
65282
 3818
 4361
62944
 1022
 1162
63032
 1654
   86
  647
 1177
63715
65433
 3326
65473
63743
63691
 3733
 4303
64916
61951
  187
64771
 2536
  508
63124
 1092
63929
65342
65041
63716
63386
 1544
 3553
 3932
  798
 1362
64151
64006
64625
 3304
64955
63848
64093
  707
65201
    7
63289
  661
63947
 1349
63037
  542
 1143
 4008
 2953
63359
63538
  832
 2256
63817
  810
65067
62509
63454
 3176
  325
 1326
63135
63703
63127
 2235
64659
 3475
 3925
  666
63584
 2050
61466
 2051
 2024
 2151
 1573
 1021
 1676
  106
63446
  480
 2839
  328
61317
 2186
65293
 2649
61521
64530
 2458
64376
63860
 2069
64779
  573
 1179
 1436
 1539
 3081
64941
64373
 2238
 1060
65165
63962
 2068
  167
  692
64050
64256
 1664
 3022
63524
 2793
64628
 6800
65235
62297
64258
 2792
  247
64293
64415
64278
61892
62238
64680
61013
64993
 4038
 1415
65051
63980
65369
 6496
 1290
61316
63182
 1386
63771
63786
 2308
  700
62713
  648
65062
  386
64955
64205
 4708
 2743
65366
62186
  176
  385
 1517
 2321
 1883
65067
63717
65401
 4094
 1463
65307
 1024
64194
 1778
 1207
 1710
 1648
 1889
  640
65314
64193
 1885
62387
64469
64442
 1394
63443
 2053
63834
 2881
64090
61713
62052
61184
65188
62881
 1329
 1989
  735
64238
 2554
 1905
65116
 4876
 1217
65319
62740
64442
  214
65082
 2070
65177
 1764
  476
 1979
64343
 2145
63910
 2184
62461
  134
 4619
64843
 2562
  760
64355
 2692
  967
 4127
64892
 2418
  652
64495
62959
 2788
64204
 1993
 2233
65117
 1853
64030
 2571
64231
64135
65473
 2248
  708
64308
60675
 2918
 1966
 4838
  736
64341
 1703
65506
 1441
64430
63410
  748
  284
64519
64109
65199
 2353
64370
64705
  546
59834
 3224
 3227
 1462
62505
62783
 3019
63133
60755
   15
61839
63566
64698
 3704
64163
65071
61714
61723
60646
62339
64776
65146
 1262
60184
65262
63085
 4357
 3841
63371
 3021
64447
 1982
61761
64501
 2561
  883
62229
65044
65414
 1632
 2590
65523
 1248
63230
64014
 1359
61380
64712
 1246
61411
62909
 2679
61448
  234
64884
63543
64424
65227
63344
64861
65426
65437
64153
  817
65366
  200
 3157
64430
65243
61499
 1276
61959
62246
  270
  898
63620
61814
 2557
 1520
  475
64845
   66
65408
 1130
62370
 3794
  284
 3226
 1112
  777
63645
  875
62818
  800
64766
   48
  551
64321
65028
 1618
 3045
61595
65009
 1211
63228
  610
64306
65042
62051
  697
64183
62135
61167
63609
 1125
 2218
64384
63186
  793
 4576
63870
61212
61958
 4375
 2421
 3133
  752
61250
  228
65140
64221
 1147
 5079
63763
  659
63860
61142
 1810
 1766
 2566
65098
64740
64820
 1040
 5291
64199
63763
  737
  505
64210
65473
 1424
63623
  751
62713
 5236
61175
 1073
 1780
64764
 1461
64784
  966
 1678
 1575
 2025
  156
64914
 2864
  105
63701
 2429
64798
63600
64115
 1721
 2623
  816
64565
 4721
62559
64054
 2396
 1830
  629
 1151
65005
64256
  100
 2496
59912
 2063
 1006
62595
 4441
  373
 1576
 4831
 2015
63621
 1036
 3006
 3615
63881
   16
62038
62907
64128
63993
 2050
 3130
65467
 3673
 1147
63081
64177
  128
  412
 3665
 1000
62097
 1665
  263
64723
60942
 1607
 2458
61103
63655
 3416
64882
61710
64274
  656
 1522
62974
64502
64958
64701
64161
64920
63893
63007
65462
64533
64566
63647
64224
  310
 1181
 3411
64253
   91
 3312
63927
64456
  595
62835
  332
62699
 2737
64029
63217
 3549
  862
 1174
65419
  457
64811
63127
 2999
63639
63991
 2946
63893
 3863
 1531
 1590
64862
65473
62667
63406
  135
63199
 2732
 2029
 1708
65483
65294
64476
 1506
65144
  873
  374
 1577
65283
   58
 6080
65001
 4009
65030
64369
64867
 2011
 4409
62438
63116
  438
61518
  490
  389
 2946
  654
64732
 2312
  205
63175
62996
  816
64423
65042
  836
 1177
 1488
 2892
 1288
62254
  232
63395
65412
64022
63666
  964
 1062
65188
62594
63228
61737
 1672
62021
  447
  622
 1872
65372
 1171
 1701
 2342
 2336
 2204
65205
62711
62579
 3498
  190
 1912
64173
  250
63160
  260
64976
 1232
  833
 1097
 3114
64871
64979
 1541
63153
63898
63769
62883
62739
64174
63873
 3382
64866
  359
64967
 3579
61466
64665
62044
61629
 5625
61011
61732
65529
  656
64612
  245
 2090
64971
62719
   21
 1709
 2440
64088
 1824
  178
  809
62949
 2039
  773
64743
64576
65468
 1991
 3376
 2713
64752
64371
 2454
64261
62400
64799
 1872
63350
61848
63747
64376
65403
63703
64866
65327
62525
  544
 1137
64499
  614
 1463
 2022
  304
 1623
 1612
  132
64537
  179
  405
 2588
65105
61453
63466
  113
64872
  784
64602
63939
 1790
  751
64948
64610
64719
63247
  840
  367
 2531
 2738
 1610
62916
62720
62271
64203
  799
 2613
 3286
63249
63498
  981
 3610
 4436
  534
65347
64777
65113
 2594
64553
61502
64914
64250
 2195
64582
 1373
64759
 1183
 3623
  266
62913
  597
 1205
 2127
  353
  855
  124
  317
63210
63729
63374
63429
 2061
65237
  949
 3744
 2381
64786
62026
  782
62292
 2115
65359
  725
 1202
 4334
 1308
  354
63578
63939
63766
64296
 2522
 3372
63709
64229
 1269
65477
63125
62934
 2165
63764
 1661
 1303
62149
64044
  683
  200
64934
64213
64964
  657
  200
64439
 1708
 4545
65263
61062
  505
  638
 5334
62978
 1399
  222
  604
64064
 1849
 4722
62675
65121
 1101
64592
 1454
65446
65321
  496
  593
65212
  925
    8
 2330
 3735
 1202
63709
62470
  483
64979
64006
63084
63606
 2915
  967
 1160
63149
 2880
63121
 3183
   38
 2510
  364
62997
 1183
 5466
64946
 3466
63765
64148
63484
 2242
 1042
64338
64295
64693
64410
 1681
63171
 1331
62110
63957
  540
63516
 4979
 1249
  907
 2512
61226
  597
  339
65513
63870
  697
 5676
  147
  310
 1644
  273
  960
62287
65046
 1087
63844
63015
64698
64317
62713
64767
  492
64734
64544
65115
  165
65247
62697
  775
64828
63026
64132
63218
 1793
64546
62478
61519
 1356
61709
65237
63843
62553
 4085
  107
  282
61843
  666
65315
64889
 1415
65322
 3080
 1955
65185
 2277
   49
65202
61267
63453
64363
64708
63071
63406
  454
 1308
61852
 1653
  188
63632
62974
63958
  963
64447
  607
62359
64826
  513
63182
65245
 3417
65121
61646
63661
63329
  325
  409
  776
 3563
64401
65400
  934
64855
 2819
 2001
65501
63237
62565
64087
 3282
 4085
 2907
65023
64159
 1941
64164
64953
63516
65092
64478
65265
 1154
 4018
64689
 1426
 1829
  720
63565
 5181
 2900
65175
64035
  578
  192
64284
63974
  868
  189
  386
  105
 1767
  434
65315
  966
64117
64977
 1284
62606
  446
65244
64630
61601
 2602
62926
  392
63876
  931
 2381
  824
65067
64706
64176
 1635
65442
64688
61395
64939
  162
  694
65043
   18
64046
63135
65524
 2995
  452
  831
64430
64980
 1462
62304
65421
 1419
  691
 2266
  815
 1547
62769
 1894
 4019
64659
 4510
64672
 2296
64594
64454
  983
  519
 1249
65461
64932
 1811
64509
62756
65401
 1349
61871
64048
 1845
62974
 2021
64833
62098
64182
63722
 2426
62350
 1044
64995
63700
 4373
  422
60880
63516
65394
65081
  473
63381
64897
 1004
 2053
64885
 1634
 2167
64123
    6
  830
64460
  637
 3131
 1117
64070
65402
 2040
 1012
65208
64499
  679
  676
 1451
 1090
62341
 1409
 4506
60667
 4435
65436
64766
64106
 1094
 2927
62077
 2027
64697
64964
65202
 2995
62702
  661
65387
  134
 2170
64523
  225
 2402
 3129
 1651
65437
63373
63918
  831
63297
 2008
 2217
 2520
 1698
65257
63131
64813
63454
 2982
  403
62350
  193
 2203
64130
65527
 4749
64627
 1090
  237
  230
  846
 1539
63979
65332
 2568
62921
60989
 2922
 1082
65432
65428
62209
65354
63418
62851
63503
 2242
 2163
 2151
65189
65233
63906
63348
  542
  237
62215
  351
61995
 1002
65117
 3091
63005
65057
65489
64518
63642
63183
  676
 1990
63347
 3459
 1530
63571
64593
 3102
 1629
64597
 1779
  873
 2662
65480
63481
64255
 1187
64674
 1104
62034
64798
 4492
64839
64741
63314
61756
 4265
64576
62434
 1840
  560
  786
 4205
   99
  184
 1262
64534
 1806
 4320
 2271
62772
65319
 2217
  165
64923
61859
65149
 1222
64613
61339
  971
 4045
   39
 1680
  586
62280
  728
 1487
64709
  877
  410
 1022
62033
62845
  791
64819
 1194
65205
65337
62278
63134
64443
 2763
60912
63180
62967
 2104
 2423
63104
62741
62263
63834
 1017
 1462
63908
63127
  655
  712
64047
61694
 1350
  975
 1307
 1894
64509
 3866
 4394
 1546
 1861
 1400
60284
64666
65159
  649
65331
63498
60976
63580
65270
  643
65042
 1651
  600
  758
 1196
 1650
63471
62522
 2489
 2269
 1947
65129
64531
  439
63845
64617
63656
64641
 1266
 4906
65220
 6662
  130
62910
 2431
65473
 1038
 1754
57786
62371
   89
65263
 3536
  306
  148
 1137
64420
65084
 1475
65460
 2551
63900
62744
 3481
  231
63648
 1469
60824
  369
63454
63558
 2355
61143
64632
64910
  122
64112
61505
 1275
 1693
63262
 2897
 1695
  970
  305
  773
 1494
64671
64020
 3747
64687
  827
  941
62346
  273
 1105
60958
  111
65450
64002
 1035
 1933
63348
64897
 4433
 1083
64806
64038
62608
62237
65423
61092
63441
 1205
63178
 1661
 1162
65172
  485
 1497
64625
  286
  663
 1254
63222
64292
  345
65314
 2869
   90
59883
64640
  489
64753
 3835
64557
 1677
64851
62661
  412
  269
65029
  638
64316
63580
 2858
62552
 3927
63784
  412
63514
 4750
64983
61690
63029
64274
63183
62653
63870
61763
 2637
 3734
65046
63447
64240
62535
64206
 1889
 3863
63555
63719
64151
  700
 1438
  717
61902
64270
 1324
63704
65441
  177
  926
62333
 3089
 1558
62753
63786
  911
65309
64332
 2638
 1230
 3854
64016
64979
 2923
  106
  671
 2020
64856
 1685
63279
 5217
 2022
 2119
 2120
 2318
65047
  934
 1728
64599
 2926
 2946
  329
63210
 1233
65345
64108
64548
62564
 1448
  160
 1351
  621
 2594
63325
  766
 2274
64600
64020
64116
63281
 1363
 2378
 2407
63479
 1404
 1467
64201
 1739
61393
  324
 1779
 1749
 1205
   36
  532
 2812
64049
 1865
  403
  594
64396
 2380
  516
62227
  701
 5715
 1226
  632
63945
61646
64502
61508
 3988
65006
65475
65277
 3582
62747
 1337
   83
 2206
64768
64550
65043
 5230
 1331
 4339
64559
64708
62750
65149
 5211
 1317
64002
 1759
 3405
65454
 3657
 1357
 2545
65373
61441
  508
 2075
  177
64668
  234
65077
64269
  435
62390
  737
 2476
64703
  112
65247
64737
62125
64186
64460
63855
  637
63761
  962
63303
   70
  523
 2474
  515
 2255
62537
 4188
 1027
 2563
 1853
 1399
64726
 1897
64492
63003
 4298
64651
64842
65096
 2699
 1494
 2220
 2514
63057
  389
 1474
 1781
64018
63730
 2163
65062
64122
 3058
  572
63747
63654
65349
  368
60955
   59
64298
 3805
 1191
  304
 2117
 2031
 2124
65173
65289
65534
63296
64244
 1870
65166
  821
64232
  195
 3308
 2256
64461
64915
65531
64560
64940
 1126
64742
 1654
64243
65516
 1315
62316
 1915
  845
63793
64623
65051
 2346
 2842
64120
  579
63308
64905
 1385
64366
62616
65358
62448
 1336
 4242
 1910
65237
63770
65025
64794
65368
63772
 2912
 2077
65460
65164
61663
 1968
 2738
  238
63779
64663
  506
 1275
 1684
 3613
64050
 1519
65376
63396
  523
 1379
 1789
 2220
 3588
63684
64337
62700
  934
 2630
65053
63984
 2407
 2509
64535
 1171
63880
   55
 2150
  717
64309
65472
 1436
 1797
 2329
62624
 1035
61704
64601
 1259
64569
64940
  607
 2131
 4485
 3975
 1462
62896
  405
 1962
 3661
 1866
64402
65145
62945
 2537
 1065
 4507
 1262
  651
65519
63005
 1330
 1532
  903
  803
63555
 2269
 2976
  949
61641
 1424
63990
 2006
 2696
62175
65001
63856
 1404
 1234
 3296
63708
 1144
 3168
64379
 2804
 1739
  157
 1438
63876
60399
  839
65206
  490
  890
 2723
  930
 3248
 3587
63553
 1163
 2318
64493
 1448
 5264
64952
64577
  203
  435
64608
65465
  340
 1278
 4513
 2117
64445
65393
 2712
 2033
  400
  968
64524
64343
  788
64389
63243
  775
 1142
64454
64929
61294
60982
63312
 1033
64821
63885
65065
 1320
 1625
  954
64494
63645
64395
 2355
 2625
 3368
   33
62812
62823
63674
63777
64223
62795
64664
   83
61937
 1305
 5859
63830
60515
64717
64638
64748
62505
 4135
  297
64707
 1505
 1679
  880
62285
63853
61006
   19
62581
  164
 2249
  700
 2745
63326
  547
63577
62938
 1844
 1166
64470
61235
63283
 1202
 1546
64411
 2120
63675
 2659
64227
65249
64913
63662
 2382
65514
65127
 1019
63509
 3233
 3757
64469
 4311
63366
63477
  510
61721
65500
 1696
  268
 3751
 2211
 2679
  449
65282
 1059
 3737
  619
65143
  750
62170
65370
  900
  153
62312
  858
64444
 2144
63327
 2204
 2364
 1184
 2213
 1028
65057
 3501
 1480
 1410
65458
64579
65331
64458
65532
  126
62269
63842
  137
64893
61986
61827
60397
 1858
  538
64429
 1972
  248
62660
  403
  425
 1974
  169
64361
 1571
 2952
 4041
61269
62887
  195
 1488
63918
61137
  250
 4957
63910
 1517
63395
  682
63256
 5767
 2245
62046
  744
64721
 1324
64033
64840
63302
 4380
 1028
64418
65458
 1372
 2061
 4733
 2480
64672
64692
   29
  190
 4179
63853
64321
63357
64502
  936
65473
 3488
65013
 1458
 1652
  580
65256
  911
 2159
 3290
64371
 1035
 2524
 1226
63564
64680
 2845
63745
  790
63794
 2482
60947
 3354
65180
  423
 1060
64502
 4278
65079
64695
  126
 3752
 3236
65180
 1822
65091
64756
63752
  356
64671
 1728
64651
62572
64439
64734
63121
  491
65107
63031
63596
  344
  796
65057
 1988
62243
 1344
63576
 3501
 4090
 1970
  974
63454
63219
63209
 1132
 2027
64194
  404
61850
64590
 1776
63624
 5431
 1092
 2302
 2322
62161
 2110
62737
62199
62458
64603
 1431
 2732
 2783
64045
 1250
 1238
  545
63906
 1039
64218
 2509
63291
 4048
  671
  203
 2104
 2063
62535
62883
 2280
  676
 2124
  869
65434
64459
  443
 2802
60392
 2304
63938
57841
62497
65339
  433
 1032
65443
 2063
62691
64274
63161
64258
63546
 4435
63613
  563
64743
 2207
  192
62727
64192
60956
 3789
62415
  111
 2014
64152
 3123
63253
62393
64487
  792
 1900
 2910
  295
64757
63871
  893
63717
 1056
65152
63673
 1217
 2370
63922
63119
 2275
 1340
65277
  599
65111
62981
61785
65365
 1025
  808
 1564
 1071
65000
61144
 1670
 1021
  329
61766
 2083
63115
61554
64252
 2720
64468
 2480
   51
63844
 4505
 3085
64647
63581
 3253
  374
 2376
 1180
64821
 1922
63089
61943
  935
62908
64423
64882
62751
 1191
64658
  543
63145
63359
65049
 2214
64514
  873
 4538
  719
62896
 1643
 3443
 2536
64294
63434
 1073
63320
64587
 1418
  657
  846
63604
62493
65346
57939
 1430
 1448
65325
 1357
  737
 1768
 2666
65094
 2001
64641
63193
63471
  658
  113
 3146
 1488
 2974
  160
64267
64670
64562
  700
63817
 1857
  787
 1159
63277
 1205
 1303
63635
59868
60753
64805
65272
64030
 3366
 1258
  842
 3494
63321
63098
65386
63986
65128
  433
63619
 1226
61676
65132
63677
64290
  134
 1150
 1370
65090
 2564
62397
63870
63966
64436
63730
65261
63786
63262
63328
62500
 2170
  598
 4174
63654
61207
 1687
 2439
64601
62551
62833
 1940
63521
 1427
  277
  110
64917
62977
65226
64358
62664
  545
64495
  766
  864
 1319
 3505
 1047
 2376
65166
64197
62776
  956
 2333
62158
  360
65239
  291
64540
63025
63782
65208
62822
  470
65395
  558
64103
 1151
  838
64258
  462
64922
 2007
64528
 4317
65166
65216
  803
 2088
64937
62263
63517
64685
63756
  900
  785
 1013
   49
 1536
64785
63587
65423
63248
62010
  604
 1115
63198
64603
 3669
64074
 1662
  570
64053
 2565
 1065
    7
65501
 1296
  581
63168
 2693
   65
 4089
63260
  703
62142
 2203
63851
63067
64804
 1698
 2191
65116
 1659
63538
62720
  923
62432
60890
 2845
64638
64918
64641
63670
61396
 1764
64437
64488
 1607
64887
 1535
62988
 3266
64129
 2879
64580
   47
 1895
64926
 2117
  850
 2465
62743
63799
 2304
64241
 2042
62439
64122
 1537
  580
64332
 1780
 2288
  236
64415
63578
   95
  892
62554
65194
64295
65387
62564
63092
65292
  179
63765
 3464
 3078
62346
64168
  246
63437
  248
 1604
64094
   82
64007
 1389
 1140
63669
63600
 2837
   84
  285
   95
  597
  298
63391
 1058
62923
 5586
62743
64512
  168
63420
63875
  461
61811
  701
63744
64900
64093
63461
  226
  657
 2174
64781
61614
 1652
63118
65139
 2413
 1896
 2578
  244
65263
64758
64940
  414
 1295
 2323
 2690
 1347
  397
 1956
 1305
63522
59924
62728
63536
 3091
  910
63757
  490
63382
 2346
64862
 1134
63516
64723
65265
63931
64485
  637
64731
  730
60690
 1029
 1309
64438
61981
 1501
  237
62609
 1834
  640
  776
64958
 2659
60727
65436
 1019
 2288
 2662
  414
64825
63627
63888
  736
64419
61515
  276
64849
64817
 1857
  701
 1409
 2453
64669
60284
  549
 3924
65523
63815
63307
65483
 1394
63549
64376
63937
  500
65029
  756
65414
  408
61845
 1739
 2392
63787
65298
   75
63331
  339
  659
 2740
65209
 4255
 1213
63720
   42
 3443
  618
  789
  337
  467
62480
64689
64498
65474
63848
63586
   53
61847
65163
 2796
64521
63350
64395
  631
 1170
65457
65049
61865
63482
  168
 1104
61985
 1308
 1663
64972
  231
65034
65467
 2277
64108
  971
 1170
65301
 3228
63191
 1331
  621
64861
  859
 1417
63716
 2475
 3499
65517
  164
 1560
 2382
  525
65336
63764
 1048
 1785
61706
   10
64381
63884
64841
63953
 2561
 4734
62844
 2784
 3116
 1957
64426
63241
  103
 1162
 2034
62536
 2793
 2546
  496
61725
65426
65057
 1643
62813
 1491
64446
64526
 3769
 3468
64339
63961
65517
63712
63895
 3653
  124
  865
64614
63379
 2384
 3058
 4168
64554
62654
64122
64480
 1343
62315
 2315
63860
  439
 4224
64652
63333
63727
62152
   24
63581
64909
64879
62400
64217
62430
 1044
 2775
  739
64824
 4216
62760
  606
65080
63183
63487
  750
 1198
64533
 1442
 1434
 2546
63292
  612
  959
  119
 2027
 2981
 1091
 5084
 4925
  395
65378
63929
 1683
64804
  511
62222
 1876
 1248
62454
65347
 3233
65258
65060
 2437
 1640
65430
64149
 1807
61980
  432
64978
 1710
64719
60995
  676
61299
 3852
65022
62079
  349
64055
64906
 2261
  903
64622
 1421
65363
 3013
63684
 5565
65051
 3811
64246
 2696
 1281
64325
 1797
 1279
   20
65198
  716
64480
65148
64014
 1904
65045
63217
64166
63465
  468
 3287
 1478
64135
62886
64901
63441
  689
 3243
  531
 1387
  645
  395
65004
62206
63797
64542
  989
64893
  404
 2237
64858
65171
64948
 1280
64810
 2027
  982
64403
  820
 1133
64030
64988
61210
65269
64419
65036
63024
62679
63596
62952
62719
63327
63582
  396
62231
 1012
   54
 1159
64894
  814
  785
64254
 1151
 3015
62430
 5644
 1770
 2332
  606
63980
  717
63882
64296
 1292
65459
65254
63208
 2532
63767
 2337
65191
60430
63014
 1772
  192
 1189
 1202
  588
 1979
    5
  373
 1338
65344
63017
64842
  678
  372
64227
 1621
65510
65039
  941
62654
63815
 2002
 3121
  761
 4583
  805
   20
 3111
64663
 4461
  407
63601
64333
 1122
  578
 1732
63697
 1459
  561
64879
65184
64026
63934
64089
 1292
64120
  282
64577
 2566
 2470
63371
 3684
65075
65085
  712
64962
64957
62883
 1162
65265
62788
 1705
 1118
  716
 2901
64400
62538
65029
64907
  113
65041
 2997
  221
 2181
61886
64627
64906
  798
 1360
65522
65002
  984
 3287
65261
61218
63812
63245
    2
 2435
  968
64692
 7084
  818
 2291
  145
 1024
 3909
62983
62587
 1704
  896
  550
63252
63136
 1344
64087
   63
 2453
63652
 1803
65400
 3480
63418
65147
65288
 2421
64749
 2658
60599
60309
64764
 3582
63048
63586
 2587
63827
 1595
65498
 3673
63822
65009
 2742
  854
64933
65222
62792
   19
 1153
62852
64014
 1708
 1339
 2198
64898
 1259
63728
 1103
64332
63817
  721
65202
63058
63814
   21
65193
  522
64804
 1161
  277
 1463
  959
  919
  110
63686
65278
63085
 3810
64300
63308
 1561
  398
63867
65301
  544
63404
64209
60640
64710
64397
  623
 2448
61787
  806
 1168
63815
  150
62894
 4053
  949
 2066
62624
64973
 3023
 1054
64639
 1734
 2424
   31
64884
   14
 1049
65534
  298
65228
63515
 1450
 1635
 2556
 3862
65523
63962
64340
 1120
64670
63813
65180
 1602
 1770
61629
63752
 3084
62809
63191
 1139
63610
65323
  181
62487
64566
64926
65451
 1755
 2911
 1608
64944
65308
  384
63816
  959
 1612
64057
 3990
64571
 1077
 2275
 3110
65233
 1997
64836
64871
  440
64011
65160
65236
 2174
   81
 3276
65487
  584
63783
61698
64316
  897
  123
62997
64368
 1578
 1020
 2830
63217
  574
63081
65524
 1631
 1933
 2092
 2989
64562
63843
63464
65469
64342
64306
65065
 2522
  723
64547
64733
 1469
 2228
62442
64053
 2690
62404
 1702
 1740
61926
62408
64513
65446
63949
 2044
 1422
  437
64992
65161
63049
  813
 1933
 1920
63572
63262
 4107
64029
61436
  680
61136
62659
 1270
 1482
 1665
 2455
 1012
 2388
  549
63072
64725
63739
 2824
 3873
63235
  825
64557
 1371
  479
  516
  581
64932
 1106
  366
64681
65256
 1560
61857
64687
63794
62938
63254
64648
  585
65407
64288
65296
  677
  569
62593
65489
 3144
64206
65293
  980
63676
64368
61930
   10
63135
  532
  763
64874
64357
64344
65179
64174
 2894
64191
65501
64201
 1643
62510
 1423
61759
 2991
65519
64194
61974
  942
64296
  752
62225
 2832
 2211
 2416
64845
64432
63098
64230
63611
 1172
65012
 1069
  155
 1494
  256
63022
64801
 1158
65458
61281
64175
  688
   55
63283
65376
   90
63566
 2063
62381
   35
  983
 1056
62981
64736
64543
  767
64582
64551
63883
 1250
  683
 1115
63065
  800
64950
63856
 1002
  265
  509
 1308
63766
65446
 2937
64919
62998
 2858
  380
64875
 4911
65089
 3162
60783
64522
61638
  381
 1023
  488
64646
 1164
  143
65278
64117
65237
 2849
64944
 1122
61172
65287
  725
 1153
  586
65318
 3868
 2242
  762
  779
  319
 4202
 2192
  778
65174
64487
 1683
 3528
65130
 1624
  692
  721
65290
64295
64807
  940
 2358
62602
  578
 1570
  171
 1233
63220
65292
62678
  604
 1957
62798
65081
 1003
 2595
63845
63596
 2094
  219
 2358
  801
 2395
   71
  680
  688
 1308
 2570
64289
  312
63208
64223
  866
65009
65367
59952
64833
   35
 2284
    9
65100
 1217
  627
63887
 3983
63107
  679
65481
64212
   68
65032
   65
 4025
 2173
65091
64093
65318
62139
65443
64172
61887
 2707
64304
 1394
63186
 1337
  193
62550
65047
63175
63922
 1032
65129
  922
62122
 2042
64240
  960
65456
 4051
64372
 2690
 2425
  104
  897
 1787
 3624
65487
61930
 2495
65098
65287
 2193
65316
 1198
  702
65239
 2453
63886
61811
62353
 4004
63290
 1900
63379
 1819
65439
65357
 2087
 1922
63989
65439
64449
 4396
63882
64446
64720
63551
  361
 1394
62366
  204
64990
63076
 1972
63115
64491
63826
64965
 2918
65182
 1621
62700
 1486
 3317
64706
 2550
 2218
 2036
63095
62446
 1870
63691
64514
62341
63840
62467
  346
 5143
62284
62692
 4410
64549
63983
 1909
64151
 3522
 2597
 1540
 1185
  698
63002
 1708
  862
62902
 2691
64770
64233
63430
  736
64773
64750
62910
 4441
  691
   89
63698
 2575
63901
 1393
 1089
 2012
63455
 1418
 1074
64417
  834
64897
65308
63584
60784
63032
64263
64281
 2519
65127
 1746
64266
63602
65405
 1331
63732
 1991
 1788
61852
  474
 1332
64293
64168
 4685
64795
63756
62948
 1678
  460
64263
63713
62997
 1442
63300
62114
 2713
   48
64216
 3621
65408
62622
  490
  467
  803
65152
63290
62973
 1249
63461
  469
61575
64725
63011
 2873
  176
65098
 1935
65091
64311
65072
 2584
64193
64113
 2385
63688
  952
 3453
65504
62677
 5513
64669
65402
  632
 3354
63883
62265
 1447
  516
 1804
65098
 1034
64327
63128
64397
  393
 2092
 1581
64735
65341
63682
  303
 1768
63664
65062
  178
  765
63326
 2007
 1676
65346
64422
 3206
65358
  443
65023
62723
61089
64553
  974
 1255
  287
 1783
65184
65347
64565
  234
  697
64533
64888
 4369
64570
  725
64249
63251
63552
 4288
 3687
 2334
  679
64209
64946
64781
 4274
65085
64903
 2221
 3411
 1515
65502
  647
   80
65259
  944
 1289
  308
  601
64530
 1560
64792
63387
64772
64257
 1322
62904
  753
64798
  813
  261
  181
 1929
 1266
 2001
  462
 2458
63599
63011
64274
 3633
63745
   97
65449
 1596
  152
 1243
  339
 2734
64724
    0
65017
 2314
65496
 2720
64055
64972
 1751
65513
  756
 1702
 1887
61003
  436
65045
65421
 1534
 1211
64750
 1489
 3119
64770
63420
  270
 4987
63475
 1528
 1446
60226
 1177
   95
 1882
 1517
   53
64241
65008
  776
 2454
 1262
 2185
63941
61411
 1327
64425
65199
62746
65456
63381
65482
 3580
 4593
  724
64894
61960
 2313
  558
 3497
 1649
 1097
64563
  522
 3228
65280
65277
63898
65110
  860
 2388
 1058
 2350
 2681
63872
64074
  872
  240
64029
63098
64473
63349
 1184
  391
65063
 2840
 3864
  157
  190
 1035
65448
62683
62732
65195
 1577
 3254
 1833
 1814
  875
 1679
  183
65207
  616
64611
 1246
65526
  781
 1444
65409
   26
 4953
63306
65070
60410
65052
 1038
 1853
64761
65123
64584
 1617
 1085
65474
 1801
 2398
64471
 2759
64519
 1253
64666
63281
65317
 2505
 1885
 3131
 1588
  692
64303
65148
  120
64413
 2867
64361
 1103
 1309
64726
61406
63174
65440
  778
64731
65219
  293
 2870
 1379
  385
 2703
 1655
64776
65310
65272
64767
  267
 2652
 2668
 2792
 2017
  726
  632
64594
    5
65141
 3033
59992
 1562
62592
  181
64708
 1080
64514
64253
   42
61927
62962
  715
 2689
  658
63043
  910
 2459
  578
 3264
64710
  344
 5155
64875
64567
 2047
62976
 3283
58909
65510
64682
 1873
 2813
62615
  694
64338
 2810
 2188
64061
  623
65177
 1498
 1420
60889
64357
  986
62464
62476
  245
64710
 5403
63970
63629
65208
60851
 1708
   57
  361
 1574
63668
65302
64998
  333
62151
  563
65200
65218
 3151
64888
63983
63719
64192
  465
63522
64659
64643
 2852
62972
 1152
 1497
64875
 3364
 1621
  738
 1840
65009
 1322
 2600
 2198
64761
62419
63517
 1864
63806
 1555
  991
 2268
 4016
  833
  881
 2310
64471
 4389
60112
 2228
62416
 2452
   46
 2103
62437
  413
  405
61777
  931
  559
 2209
61667
62031
64938
64436
62288
65044
65064
   12
 1241
64639
65129
65377
65226
 1509
  367
  484
 1088
64339
 2417
 2744
63811
  106
 1155
  926
  813
63921
63594
64574
 1526
  370
65138
 3609
  930
64151
    8
  406
  132
64472
  292
62307
 2243
  542
 1309
64998
63033
 1089
65348
64146
 2017
65340
64924
 2024
 2279
64682
 1164
 3240
   61
63035
  878
64757
64272
65106
61109
63049
64469
 2527
 1742
 4289
 1152
64968
61983
64623
 1375
63920
65282
  109
63485
 2287
64539
 1425
62928
62778
   63
 1846
  146
 1224
  998
62235
64835
65286
64457
 1791
64542
63880
 1586
63069
63085
 1516
64580
  755
 4617
 3183
65367
  489
   26
63205
63959
63882
62845
61173
64690
 2988
62678
64673
 3039
64446
64637
 3610
  858
 1684
  317
64790
  342
64475
 1291
64030
63916
 1812
 3226
  459
 1993
64026
 2783
63284
65134
63337
 1947
  176
  624
  684
61238
 1728
 2263
65483
 3633
   32
64595
64170
61246
62843
  342
  974
65086
64701
62780
63171
 2645
65235
  345
65017
65055
61871
65260
63603
64237
  117
  582
63318
 1478
63218
  208
65535
62419
 1047
60943
64494
64176
  180
64183
61827
65479
63881
 1127
63349
 1205
 3039
65131
64617
64111
61865
64695
60795
   43
   66
 2101
  225
 2135
 1598
61888
  968
 2789
 2457
63882
  150
 5124
 2105
 1958
64958
 1562
61875
 1574
64709
64736
  916
 1508
65081
64392
64195
  852
62324
 1963
 1208
  172
62244
 3430
63983
  603
 1899
62039
64565
64817
  203
 4749
65081
62923
65291
63521
   83
 1135
63878
 1868
 1895
62175
 2405
 1117
  638
64518
 1425
 4322
64545
 2831
 2462
64687
  196
61154
 1160
  656
63293
 3361
63780
  906
  269
 2261
  306
 2320
 2796
63029
63706
  729
65135
64126
 3072
64860
65315
64972
  388
64064
  408
   53
62560
63551
62785
65335
64632
  271
65324
  931
 1591
  793
65196
65358
 3336
63211
63809
61337
63072
64400
65286
  665
 1055
  344
65336
 6535
63877
62771
65242
 1935
 2346
 1720
 2372
63604
  964
63495
64661
  395
62599
  445
65277
 5358
64622
  845
 1732
64178
  326
  458
 2906
62802
63459
  277
62479
63733
64028
  498
61984
 1422
63541
64621
63721
65115
65312
 1546
64909
62984
 3465
 2138
61330
63954
63412
62343
62757
 3713
65292
  533
 1459
65272
64467
63392
  127
  887
 2396
 2754
 3743
  445
  654
62408
63119
63380
 2476
64566
  263
63267
65311
65042
  398
 1611
  448
65006
65521
65327
64249
65200
  304
 2142
  262
64653
 1557
 1427
  372
  640
65094
 2579
 3274
 4178
 1389
  681
64132
64894
 3284
64095
63736
  541
 2636
65126
 2883
 1983
 2651
64888
65363
65419
61782
62512
  607
 1414
63316
  190
 1966
 2616
  700
63438
63784
  550
  746
 1182
 1987
  639
 1703
63272
 1345
 1128
65373
  185
  932
65081
65285
  542
 2453
65036
65312
 4163
 2706
65265
64516
65524
  237
 1773
 4314
 2729
65115
63249
65319
 1416
  726
64331
63306
64748
 4367
   12
65355
62027
65053
 1369
 2561
 2917
  873
 1551
65251
 5248
61957
63339
64034
 2764
 2096
  951
 1423
65092
 1726
 2194
 1661
   29
63371
  479
  998
61631
   73
61292
  931
64302
64304
63524
64759
 1269
  201
  988
  415
62771
65001
63482
 2299
65428
65519
 5723
64532
65051
63866
  884
64318
64734
   31
63821
   74
  355
 1860
 1888
 3167
  938
 2011
  995
  518
  205
  182
  665
  697
 2990
  250
 3252
  121
64460
  662
  720
 2931
 1605
64110
 3554
61286
  654
64020
64272
64492
62838
64636
  789
 1671
64266
 3790
63962
 1483
65405
64882
 1947
 2136
 2438
  906
 2527
  857
64225
65273
 2021
61083
  283
 1801
 1983
61668
 2031
64237
63214
 3538
  534
64962
 3070
64628
 3873
  278
65505
 1893
  557
62194
62158
65411
64775
 3334
  683
63474
  891
64339
 1309
62252
  646
 1129
 1774
63927
65281
63440
  539
64886
65425
  564
64828
 1166
62849
   90
65351
  857
  299
65488
64947
64285
 1776
 1040
 2424
 2896
62988
62661
65244
64461
63324
 2661
63852
63019
64285
 2829
 2073
64558
61974
61258
65487
61184
  621
  985
 1885
 1395
   54
64480
  865
64518
65395
61472
65454
 2290
 2970
64016
 1219
64820
 4098
  313
64201
 1187
65479
  127
64833
 3299
63244
64559
63263
63393
 1499
 1704
59892
62046
 1292
 1090
 1475
62860
64995
 2956
61721
 1216
 2558
 2887
64738
 1127
62995
  501
 2137
 2014
 1503
65036
63688
65397
  121
64683
64515
 5103
63517
 2724
  924
61079
62792
61846
62412
   55
64636
61513
62923
63261
63336
62580
  904
65058
  198
 4496
65388
62718
63564
 1281
  131
64487
63659
  940
  922
  358
 1635
65448
 1888
63293
 2744
65033
 3575
  252
 1377
64526
63774
 3506
 1397
62008
  405
 2061
  223
65371
 1207
 1731
 3190
  179
62317
  322
 1270
  923
 1562
  546
63041
64632
 1116
  635
 1117
 4221
   53
 3884
 5170
 2357
  447
  447
 3636
 1792
  755
 1377
 1485
  207
64483
 2021
64786
62857
63923
63087
 1124
 2075
64707
63354
 2580
64086
62886
63830
  553
 3512
64006
 3451
  708
 2763
 3786
 4002
63539
 1931
62755
 1824
 2598
 3595
 2742
63425
64685
 3819
62464
  474
 3142
64527
 2415
64217
 3623
  887
65112
 1089
64460
64210
 2055
64527
65009
63787
65535
  699
64979
63404
63638
63377
63399
65407
 2535
 3651
64087
65314
 2408
  749
 6812
62014
  390
64160
64300
63643
  537
 2264
61524
  749
   59
62959
64516
62073
64141
  471
64505
 2417
64491
61908
  316
 2714
 1677
 2005
63249
  837
64247
63841
 2479
 1572
63275
63908
63085
64413
64486
63275
62826
65293
  506
 2641
63240
  156
61030
64807
65487
 2114
63521
61876
 3428
63014
64030
 1079
64900
  147
 3092
64781
  499
64497
 2498
64988
64821
 1753
64594
 3978
63931
 4607
61868
64696
63506
 3938
 1566
64974
64423
61586
 2035
64645
63687
  184
65015
  227
62619
62847
64332
65162
 1236
  221
 1981
61743
65305
  460
65034
  458
 1360
62351
64269
  901
 5071
65019
 1706
64896
 1672
  603
63420
61774
 3632
64558
  376
64615
64688
 2049
63677
 1412
64178
63757
 1390
65257
64305
  500
62784
63673
  699
64351
63879
63805
61179
 1540
61101
64696
  424
62204
  407
 2848
65405
64422
64710
 1913
  968
65068
 2155
62932
  811
65081
 3268
  839
62723
60161
 2272
  254
64477
65438
65399
 1483
63341
64795
64541
 5127
64841
63275
  197
  686
 1877
 1154
60531
 2453
 3006
  301
 2810
64212
64007
  756
 2073
 2700
 3795
60901
65293
  368
62560
 1247
63460
65354
  304
65296
64487
  962
  803
63798
63542
65526
65112
 2175
 1976
65053
 2179
 1910
64373
63293
63969
65498
63456
  549
  627
64147
 2604
 1851
63431
  756
65180
 2161
  794
64220
61165
 1537
 2958
 4805
 1119
62541
 4864
63011
63694
  691
 1647
62274
64855
64183
  897
  717
64618
 1154
 2535
64061
60834
  588
  166
63028
63129
 2242
63964
  509
64623
  536
 1941
61331
  446
64244
 1863
61654
 2069
 2177
 2411
65119
62628
64482
 2015
 1510
 1609
65087
64284
 4224
64747
 1361
63254
63563
64435
61047
65297
62895
62993
65194
64643
 3061
   58
65512
 7003
61832
62676
 3045
63866
 4071
63850
 1614
  186
64193
64853
  371
 2158
  977
64095
64755
64219
63965
64851
64993
 4272
64021
61885
65140
64376
 1946
 4211
64764
63953
 1970
 1785
63320
 2739
63552
  101
 1378
  549
61384
64151
 1333
 1992
  989
  347
63056
63079
63473
64535
  547
65182
 1676
 3028
 3648
65487
62548
  892
 3640
63453
64987
 2481
  817
  587
  841
60851
64292
 1138
63814
  118
  968
65420
64098
 2090
 1946
 3811
62003
  470
 2981
65226
63845
63230
  628
 3070
64311
60430
 1184
63166
 1313
 1170
  605
63198
64641
63369
64757
 1362
64005
 2120
64106
 1981
63250
63271
64078
 1067
64262
 2050
64136
64636
65023
 3981
65257
  943
65348
64221
 4049
65041
64304
  982
62585
64730
  285
64256
63310
 1052
65157
65067
64242
  446
  849
 4104
 2502
61360
 2805
62870
64425
64732
  967
 1501
65236
 2781
64168
65167
 3244
  448
63064
 4029
64093
61892
64226
 2243
65279
65530
63850
 1191
  443
  114
  713
  984
 2165
 1031
62168
  358
65458
64619
63342
 1029
62624
 1724
65087
 1758
65157
  526
61998
   61
65449
 3463
 1457
63640
 3054
  831
65072
63899
64342
65102
63228
  172
64924
  405
 1877
 2537
 2060
 1750
 2929
 1319
65167
 5033
63447
61124
 2659
62414
  561
64364
 2693
64638
62209
 2739
63635
  368
62469
  334
  589
64656
63820
  948
  579
 3762
63783
63261
63771
64115
63059
64624
64329
64269
 1699
  342
64716
62186
 2309
 1329
 1780
 2651
  177
 3157
 2295
63448
62986
 3082
 1210
62099
65391
65310
63496
   23
 1390
62733
  588
 6363
63191
64257
  995
 1354
 1571
  447
 3500
64639
  744
 2836
  167
62881
64164
 2498
63926
  887
 1824
60931
61717
 1157
65326
 2247
64274
62287
63174
  682
63706
65364
 1958
  989
 1148
65514
65454
60540
65308
 2140
 1199
63038
  161
64930
 1105
  969
 1063
64486
  423
62045
62832
64585
  124
 3079
  677
62562
 3489
61178
65005
65135
64986
65228
64795
63060
63338
   90
 2356
63663
64329
 1537
65050
 1794
  340
64556
63413
62722
  956
64659
 2348
 1324
  960
 2426
64704
 1461
  234
65227
64542
63293
64993
  475
64315
 1074
60922
64664
 1828
64193
 1262
 4277
63334
62324
64511
64323
 1987
 2090
 1845
  288
  755
 2408
64371
63452
  475
64551
65217
  894
61536
64526
64072
 3562
65010
 2751
  223
63932
  763
63636
64117
 2050
  284
60624
64282
64980
62190
63853
64858
 1859
   24
64474
62551
63767
 1559
 4072
 1005
  799
  642
65365
 1496
  663
65322
63967
 1435
63781
62623
62804
 2394
63757
64116
63188
65410
65060
65263
63242
 2618
65089
62286
64666
61760
60673
  743
65430
  369
64403
65306
 6470
62011
60273
65298
65532
 3537
63905
 2917
  602
 2206
63285
 1323
  580
  127
 2298
64383
 3761
64286
64216
64859
 1188
  640
64341
64866
  832
63937
62092
 2391
 2045
 2494
   41
 1687
60935
60418
 3162
 1942
  777
63730
 1195
  324
64629
64555
   16
63048
   61
 1518
63070
   11
  778
 3665
65338
65069
63629
 4970
63712
65348
  802
 2335
65128
61458
 1271
62684
  166
 5086
  174
63662
  112
 1599
64892
62840
 5175
 3814
 1485
 2211
 3192
63380
 2673
 2370
63852
  895
 3347
 1023
64141
 2636
 1369
 1470
64764
65195
 3695
  288
64771
 3861
 1063
 1300
 4940
 2034
 1012
 3046
64605
 1943
  780
65280
64234
 4801
63668
 1306
 1304
  592
 2222
  770
64248
64920
65473
63235
64560
  733
62328
63431
 3273
65286
63323
63078
 3732
  657
63638
63726
65369
  404
64755
  946
 3935
61556
 1674
 1278
 1277
 2788
64807
63765
 1621
 1906
 2915
64344
 4545
61635
 1750
64409
  269
  803
  148
64987
 1459
 2484
  168
65357
  380
  706
64507
64029
61824
62621
  972
64471
64254
63574
63110
 1034
  476
64085
  991
65373
 1992
62542
57182
63770
64374
62279
62487
64627
63371
65014
64640
62897
 3752
  112
65391
65039
61893
 2682
 1289
63814
  868
62434
63658
 2661
62332
   53
63787
62531
62290
  424
63093
  702
 4303
65175
63640
  680
 1669
 1424
62366
  298
 1740
63483
61491
  787
64496
 1937
63184
  683
62623
63015
 2139
63576
64214
65259
  912
62531
  912
62801
62583
 1168
 1861
65171
64071
61424
 4647
65218
62988
 1497
65336
62973
 1770
64770
62603
63093
64872
 1887
 1393
   25
65191
62345
  564
63402
63121
 4236
  274
65079
63486
65054
65003
65090
  435
  409
64751
 1398
62428
 1784
61804
  555
62715
  514
63196
  515
61813
63921
62080
 3854
64191
 1881
 1136
 3584
64383
  148
   23
  476
  408
65354
  957
60422
 2303
  319
63217
  288
65498
 1986
62082
59829
63809
61792
65401
 5129
63647
 1981
62797
 1082
65049
  196
  638
  947
63347
64419
 1472
 4300
64719
63816
 1264
 3416
  978
  600
65125
 1689
65409
 3652
63251
 2080
62751
 1324
64084
  303
63060
64570
63578
63753
 1033
62917
65240
64935
62870
  720
62441
   89
 4345
 1795
 1481
63471
64736
 1847
 3638
 2320
    4
 3143
  798
65477
64696
65132
  824
 4052
65391
  314
 2632
 1020
64990
 1020
  971
 4009
64326
64941
64541
63270
  507
57094
   99
  676
62814
  793
  950
 1280
 2411
65393
 1989
 1751
62420
63857
  241
63940
  366
  102
 3246
64233
64405
63650
65248
65060
62575
  107
 1206
  763
 2986
62281
 1654
  125
 1342
64065
63946
  928
63034
64897
65452
62707
64993
 1973
63577
63264
 2618
64127
64972
63802
 1015
  479
 4310
62756
64555
 3148
64044
65454
64371
   16
 1905
 1243
 3222
 3225
64325
62014
64210
 1837
63323
 1960
65521
  713
63928
 3290
 1723
64520
60964
  494
64754
  507
65298
64675
 2505
  625
65095
64307
62452
61390
 2937
63785
 1027
 2505
64786
63328
 1634
65146
  445
64552
63879
62089
63427
  187
62823
65518
63306
 2937
64788
   23
65489
63026
63684
62628
63901
61949
  808
63800
62987
64722
65158
 1411
 2307
 2151
63393
65392
62428
  716
62729
 3084
 1186
 2088
64013
64975
   84
65199
  809
  504
62908
65049
 1038
  454
  973
64200
62707
60891
 2098
62610
61686
64309
64079
64684
62881
 1725
 1019
 1468
  191
  681
   60
 1421
 1331
  653
  154
 2323
 3594
 3545
 3192
64341
65366
  590
63748
64697
63759
64112
62456
64185
  355
 2736
65411
  167
  227
  338
64709
65175
64711
64733
65516
 1662
 3573
64219
  766
 1422
65044
63287
60097
 1363
 3794
63523
61966
64281
  201
63147
  892
63365
64236
 2414
 2218
65358
 2158
  582
65340
64702
  578
63854
 1116
 2263
  665
62872
62832
64834
64835
64647
64374
 4518
64440
64258
 1967
 2165
 3915
 1239
64468
63433
 3288
65152
 1226
 5624
 1449
64601
65064
64848
  425
63090
 2531
 1275
 1492
  355
65243
  650
 1795
63990
65484
 1305
  434
 1145
  653
 2276
 1804
62664
63977
 2217
 2105
  247
 1191
  718
  534
62462
64904
60772
65378
 5117
63419
 2108
  551
 1510
 1610
64146
 1253
 3294
  355
  409
62097
 3392
63582
64141
 3267
 4779
64265
 2739
  351
 1388
63059
64386
  889
 1469
63008
65023
 1838
 2774
62884
64625
  521
64315
62068
65207
63203
  276
 1285
65021
 1213
  679
63603
61693
65259
62960
 1623
  101
 3344
63373
65276
 1814
  377
  523
 1042
  522
 1178
65283
65428
62599
  956
64657
64152
63740
64004
63639
63280
61652
62700
62221
62659
62816
62283
 1793
  342
61077
   70
 2123
 3657
 1021
65228
  132
 1600
63941
 3026
65498
64856
63433
 1314
64503
 1666
64767
 1034
63092
60432
  311
62631
 1738
 2603
64580
 2267
  160
 1287
  468
 1134
  428
64351
  897
65112
 1145
62651
 1463
65436
 1019
64542
65039
 1622
  974
 1036
  456
63338
  575
62632
64979
63218
63973
60642
  160
 1585
 2747
  145
 1810
 2658
 1039
60825
  916
64878
  230
60529
63704
65364
 2559
64985
  938
 2045
63430
63504
63497
65221
 1878
 2364
 2231
 1215
 2182
65312
64955
 1700
64140
  645
62930
  227
 2215
64577
64842
64610
59541
  570
  140
65093
63498
 1080
64899
  112
64512
  679
63005
63692
 1891
 1416
  733
  837
64948
65031
64885
64435
63516
  244
 2366
 2385
 2914
64384
  121
 1155
62415
 1889
65533
61092
 3517
60858
64230
 1848
64397
 2661
62456
61086
65111
61127
 2449
  408
 2370
64106
63683
64912
 1589
65203
65001
63751
 1568
 2841
63832
 2876
 1346
 2335
62136
 2324
 1287
63208
62789
  801
   96
64565
63989
64496
 3003
65251
   25
65436
 3374
  106
  708
 3030
65091
  844
65124
63099
64291
65380
 2105
62023
  880
 2232
64587
62192
64603
65003
 2783
64106
65125
   63
 1054
64781
64885
  429
 1284
62972
64206
62142
 1188
 1044
64676
65304
64388
 2586
  633
 1016
64171
65174
 1981
62068
63514
65199
  403
 2525
  811
  466
 1008
64475
 1616
64203
64016
64988
62671
 2363
64638
  856
64203
  860
65403
63804
64336
63372
 1386
 3295
 1322
 3488
64370
   99
64069
63651
 1510
 1358
65055
63601
 1820
 3416
64398
61376
63664
  641
 1038
  965
 1803
64362
 2446
 4506
63800
64344
 1766
  861
64087
 5069
 1363
64952
65235
 1234
  639
 2286
64615
  692
64769
 2665
64614
61764
 1350
61998
 1319
   67
  340
64595
 3697
65149
63227
 2950
64820
63671
63901
  983
65217
  166
 6011
65441
 1382
64774
 1619
64695
 1003
  703
64185
63342
 1682
64063
 1726
 1999
64974
65436
65170
 4614
  487
62716
64903
 3416
  346
64012
63859
 1557
61238
63355
 1986
 1714
65315
 2207
62442
65057
  552
 1635
  306
64266
64640
64901
65082
  895
 1572
   14
 2998
 3549
  915
63494
  701
 1796
61440
  789
 1012
64531
 3681
 1174
65376
65339
65170
63348
  926
 1833
 1164
 2092
 4402
64382
63331
 1818
  745
  386
63846
62812
62525
64138
64174
 2713
 1040
  770
64333
64203
64649
 2078
64041
 1219
 3017
64147
  267
65114
64792
61752
63752
  262
62369
  861
 3041
 3621
65336
 1762
 2995
63070
 3410
 3126
 1274
 3878
  749
65272
64790
  970
 3650
  598
 4019
64181
  996
  138
  830
 1085
   27
 3310
  990
64058
64221
 2533
64344
64717
 1382
 1267
 1914
 1207
 2715
 2006
63199
  209
62869
 1466
  895
  798
  668
 1104
 3213
 1107
64467
 3123
  671
  611
60093
 2978
64688
61094
64908
65183
  891
 2536
65304
65293
  381
 1200
  463
64762
65273
63601
63108
 1985
   34
64629
62361
 1207
61877
 1540
  231
  294
 1163
  163
64634
64303
63424
62766
64428
62418
  294
65352
 1188
  573
 1370
 3934
  969
 1544
62290
63110
 1956
  683
64501
64052
 2556
 1932
63490
  572
 1046
63214
61061
63739
 4285
64908
64373
 3242
63694
62452
 2947
 3753
64437
 1066
   84
 1327
64372
64273
64772
  542
 1631
64414
64303
 2298
 2624
64360
  835
62804
64776
63257
  936
64962
64154
  568
64841
64824
64601
64738
  234
64720
62993
 1581
64408
  238
  306
64899
64144
 1339
65271
62370
62375
 1239
64250
 1350
 2432
   35
64521
60553
 5127
  693
62741
  616
 3183
64509
65350
65456
 2574
 4000
 1772
62416
61761
 2299
65495
   67
 1183
65225
  877
  207
  778
63662
 1814
 1738
64257
 4258
 1932
 1328
62981
 1843
64984
65049
   19
61934
 1358
63572
 1962
  685
 1551
63972
64106
  106
65316
62884
  950
64396
 2467
64507
 2200
64526
  487
65432
64924
  886
 5885
64227
63968
63776
 2827
65434
 4430
 1089
64318
63675
 3231
  933
65181
 3540
60975
 1276
63754
63883
  890
60546
62849
 1465
64233
  383
  556
 1256
 1944
 1636
62310
65487
 1817
 2022
64384
64044
 2510
64988
 2721
 2592
  335
61332
 2984
 2199
 3694
63717
65018
64118
 1712
    2
63270
65092
64383
  951
61794
 2578
65269
 2920
64253
63138
65353
62821
  612
62939
 1157
 2245
 3651
   90
  350
65423
65278
 3965
62349
 1415
65263
60474
 1356
  730
   94
64941
 1067
 1976
60878
  664
  909
 1200
64264
64991
 4582
62433
  568
64834
64863
 1202
  700
 2557
64757
64991
64852
 1611
 2301
63599
 5464
 1908
  972
    5
63481
 2176
65243
   81
 1483
64540
65535
65108
64903
  154
63254
64142
  778
64970
 2913
63938
 2148
 1616
63605
63052
  496
 1051
 2793
 1848
62976
  269
 1627
 3510
 1002
  154
  909
64154
  109
 2297
 3665
64834
63339
60975
61716
64490
  609
  461
 2818
 1424
  327
  965
65381
   55
63551
 2792
63456
62319
65319
 2249
65141
60299
63405
  736
  235
  297
  807
64649
64986
61486
 1036
63156
63835
61465
63666
  654
65285
  728
  608
62576
65091
65499
 3347
63371
 1162
 1627
63324
  876
 3393
 1664
63584
63054
63621
65479
  931
  434
64939
  759
65067
64930
63275
62443
61885
64566
64205
 1294
64015
  775
65191
64258
63062
64808
63352
 3660
 1163
 3785
65455
64219
 1504
63340
64911
64298
62169
  679
 4118
 1520
65495
65236
 1858
 2778
64953
   57
64594
63511
  950
 1786
 1146
65497
64773
 2369
63015
63850
65260
 2098
 3910
65354
64905
  600
  219
  298
63543
63607
  561
  362
62677
64591
 1958
 1935
 3204
  730
 1523
 1145
63741
63414
64039
62576
 1384
 2188
65383
61168
 2698
65018
65397
  225
 5083
  108
 2213
 2526
64883
64631
61753
 3165
63919
 3330
65258
  570
  643
  449
 1301
 1490
60293
 3000
 1130
64045
 1834
  946
 2099
62804
  672
  526
  358
 1188
64929
65519
64841
64373
61753
63126
 1279
64626
64899
64994
 3105
  267
64567
64689
64254
63588
65117
64222
63353
  892
64611
62676
65329
61758
